296 237 
359 237 
384 237 
394 237 
405 237 
296 237 
359 238 
384 239 
394 239 
404 239 
296 238 
359 240 
384 241 
394 241 
404 242 
296 239 
359 242 
384 243 
393 244 
404 245 
296 240 
359 244 
384 246 
393 246 
404 247 
296 241 
360 246 
384 248 
394 249 
404 250 
296 241 
360 248 
384 250 
393 251 
404 252 
296 242 
360 250 
384 253 
393 254 
404 256 
295 243 
361 252 
383 255 
393 257 
404 258 
361 254 
383 257 
393 259 
404 260 
295 245 
362 256 
383 260 
393 262 
404 264 
295 245 
363 258 
383 262 
393 264 
403 266 
295 246 
364 261 
383 265 
392 267 
403 269 
295 247 
365 263 
383 267 
392 269 
403 272 
294 247 
366 265 
382 269 
391 271 
402 274 
294 248 
369 268 
391 274 
401 277 
294 249 
399 279 
294 250 
392 279 
400 282 
293 251 
381 279 
390 282 
400 285 
293 251 
381 281 
400 288 
293 252 
380 284 
398 290 
293 252 
380 286 
379 289 
389 293 
398 296 
385 294 
398 299 
380 294 
397 302 
379 296 
396 304 
396 307 
396 310 
291 258 
395 313 
290 258 
394 316 
290 259 
394 319 
392 321 
391 324 
391 327 
289 263 
289 263 
289 265 
381 335 
379 336 
287 266 
375 338 
372 339 
370 340 
285 268 
367 341 
285 269 
364 343 
361 343 
358 344 
355 345 
354 347 
351 348 
280 271 
348 349 
281 272 
345 349 
279 272 
343 350 
340 351 
278 273 
338 352 
278 274 
335 353 
277 274 
333 354 
277 275 
330 355 
275 275 
327 355 
275 275 
325 356 
274 276 
323 357 
274 276 
320 357 
273 277 
317 358 
272 277 
315 359 
272 278 
313 359 
270 278 
310 359 
308 360 
269 279 
306 360 
269 279 
303 361 
268 280 
301 361 
267 280 
298 362 
267 280 
296 362 
265 281 
294 362 
292 363 
264 282 
289 363 
263 282 
287 363 
263 282 
285 364 
262 283 
282 364 
262 283 
280 364 
261 284 
278 365 
259 284 
275 365 
259 284 
273 365 
258 284 
271 365 
258 284 
269 365 
256 284 
267 365 
264 366 
262 366 
259 366 
257 366 
255 366 
253 367 
251 367 
244 367 
242 367 
246 284 
239 367 
237 367 
245 284 
234 367 
243 284 
232 367 
243 284 
230 367 
242 284 
227 367 
242 284 
225 367 
240 284 
223 367 
239 283 
220 367 
239 283 
218 367 
238 283 
215 367 
238 283 
213 367 
237 282 
211 367 
235 282 
208 367 
235 282 
206 367 
234 282 
203 366 
233 282 
201 366 
233 281 
198 366 
231 281 
196 365 
231 281 
193 365 
229 281 
191 365 
230 280 
188 364 
228 280 
186 364 
228 280 
184 363 
227 279 
181 363 
227 279 
178 363 
225 279 
175 362 
224 278 
172 362 
224 278 
170 361 
222 278 
167 361 
222 277 
164 360 
221 277 
161 360 
221 276 
158 359 
219 276 
155 359 
219 275 
152 358 
219 274 
149 357 
218 274 
146 357 
217 273 
143 356 
217 273 
139 355 
215 272 
137 354 
216 272 
135 353 
216 272 
132 352 
215 270 
129 351 
215 270 
125 350 
214 269 
121 349 
214 268 
119 348 
213 268 
115 347 
212 268 
110 346 
212 266 
107 345 
211 266 
210 265 
210 265 
210 263 
210 263 
209 262 
208 261 
207 261 
207 260 
207 259 
85 321 
206 258 
85 318 
206 258 
84 314 
205 257 
83 312 
205 256 
103 300 
82 309 
204 256 
101 298 
82 305 
204 254 
94 297 
81 302 
204 254 
102 291 
91 295 
80 299 
203 253 
101 288 
85 294 
203 253 
101 286 
81 292 
203 251 
100 282 
90 286 
78 289 
203 250 
100 280 
88 283 
203 250 
90 280 
82 282 
203 248 
114 270 
100 274 
90 276 
76 280 
203 248 
117 268 
99 272 
89 274 
76 277 
203 247 
119 265 
99 269 
89 271 
76 274 
202 246 
121 262 
99 266 
89 268 
75 270 
202 245 
121 260 
98 264 
88 266 
75 268 
202 244 
123 257 
98 260 
88 262 
75 264 
202 244 
123 255 
98 258 
88 259 
74 261 
202 243 
124 252 
98 256 
88 257 
74 259 
202 241 
125 250 
98 252 
88 254 
74 255 
202 241 
125 248 
97 250 
88 251 
74 252 
202 240 
126 245 
97 247 
87 248 
73 249 
202 239 
126 243 
97 245 
87 245 
73 246 
202 238 
126 241 
97 242 
87 242 
73 242 
202 237 
125 239 
97 239 
86 239 
72 240 
202 237 
125 237 
97 237 
86 237 
72 237 
202 236 
126 234 
97 234 
87 234 
72 233 
202 235 
126 232 
97 231 
87 231 
73 231 
202 234 
126 230 
97 228 
87 228 
73 227 
202 233 
125 228 
97 226 
87 225 
73 224 
202 232 
125 225 
97 223 
87 222 
73 221 
202 232 
125 223 
97 220 
87 219 
73 218 
202 230 
124 221 
98 217 
87 216 
73 214 
202 229 
123 218 
98 215 
87 213 
73 211 
202 229 
123 216 
99 213 
88 211 
74 209 
202 228 
122 213 
99 209 
88 207 
74 205 
202 227 
121 211 
99 207 
88 205 
74 202 
202 226 
119 208 
100 204 
88 201 
74 198 
203 225 
117 205 
100 201 
89 199 
74 195 
203 225 
115 203 
100 199 
89 196 
75 193 
203 223 
89 193 
79 190 
203 223 
103 194 
86 189 
203 222 
101 191 
89 187 
77 184 
204 221 
101 187 
78 180 
204 220 
101 185 
83 179 
204 219 
102 182 
89 178 
78 174 
204 219 
94 176 
79 171 
204 217 
101 175 
79 166 
205 217 
80 164 
205 216 
206 215 
206 215 
82 154 
206 213 
207 213 
207 212 
208 211 
209 211 
209 210 
209 209 
92 134 
211 209 
211 208 
211 207 
212 207 
107 128 
213 206 
110 127 
214 206 
113 124 
214 205 
117 123 
214 204 
120 123 
216 204 
123 121 
216 204 
127 120 
217 202 
130 119 
217 202 
133 118 
216 203 
135 118 
218 202 
138 117 
218 202 
142 117 
218 200 
145 116 
219 200 
147 115 
219 199 
150 114 
220 199 
155 114 
221 198 
157 113 
222 198 
160 113 
222 197 
163 112 
223 197 
166 112 
224 196 
169 111 
224 196 
171 111 
225 196 
174 110 
226 196 
176 109 
227 195 
180 109 
228 194 
182 109 
185 109 
230 194 
188 108 
230 194 
190 108 
231 193 
193 108 
231 193 
195 107 
233 193 
198 107 
234 193 
201 107 
234 193 
203 107 
235 192 
206 107 
235 192 
208 107 
237 192 
211 106 
238 191 
213 107 
238 191 
215 106 
239 191 
218 106 
239 191 
220 105 
241 191 
222 105 
242 190 
225 105 
242 190 
227 105 
243 190 
230 105 
243 190 
232 105 
245 190 
234 105 
246 190 
237 105 
246 190 
239 105 
241 105 
244 105 
246 105 
253 106 
255 106 
257 106 
260 106 
255 191 
262 107 
255 191 
264 107 
256 191 
267 106 
258 191 
269 107 
258 191 
271 107 
259 192 
274 107 
259 192 
276 107 
278 108 
261 193 
281 108 
261 193 
282 108 
263 193 
285 109 
263 193 
287 109 
264 194 
290 109 
293 109 
294 110 
266 195 
296 111 
266 195 
299 111 
301 112 
304 112 
269 196 
306 112 
309 113 
311 113 
313 114 
316 114 
318 115 
274 198 
322 115 
323 116 
326 117 
328 117 
331 118 
277 200 
333 119 
337 119 
338 121 
341 121 
279 202 
344 122 
347 123 
350 123 
353 124 
355 126 
357 127 
359 128 
362 129 
365 129 
284 206 
368 131 
371 132 
373 133 
376 135 
379 137 
382 137 
385 139 
388 140 
390 143 
401 139 
392 148 
401 143 
394 151 
394 153 
395 157 
396 159 
397 162 
397 165 
398 168 
380 179 
398 171 
382 181 
399 173 
386 182 
400 176 
381 187 
391 183 
400 179 
381 189 
394 184 
382 191 
400 185 
382 194 
401 187 
293 224 
382 197 
393 193 
402 191 
293 225 
381 199 
401 194 
293 225 
392 198 
402 196 
294 226 
368 208 
382 204 
392 202 
403 199 
294 226 
367 209 
383 206 
392 204 
403 201 
294 227 
365 212 
384 208 
393 206 
403 204 
295 228 
364 215 
383 211 
393 209 
404 207 
295 228 
363 216 
383 213 
393 211 
404 209 
295 230 
362 219 
383 216 
393 214 
404 213 
295 230 
361 221 
383 218 
393 216 
404 215 
295 231 
360 223 
384 220 
393 219 
404 217 
360 225 
384 223 
393 222 
404 221 
360 227 
384 225 
394 224 
404 223 
296 233 
360 229 
384 227 
394 227 
405 226 
296 234 
359 231 
384 230 
394 229 
405 228 
296 235 
359 233 
384 232 
394 232 
405 231 
296 236 
358 235 
384 234 
394 234 
405 234 
75 191 
76 191 
77 179 
77 190 
77 282 
78 179 
78 190 
78 282 
78 292 
79 179 
79 190 
79 282 
79 293 
80 160 
80 179 
80 190 
80 283 
80 293 
81 156 
81 179 
81 190 
81 283 
81 293 
82 179 
82 189 
82 283 
82 293 
83 179 
83 189 
83 283 
83 293 
83 311 
84 179 
84 189 
84 283 
84 293 
84 316 
85 178 
85 189 
85 283 
85 294 
86 178 
86 189 
86 283 
86 294 
87 138 
87 178 
87 189 
87 283 
87 294 
88 178 
88 283 
88 294 
89 178 
89 295 
89 336 
90 177 
90 190 
90 282 
90 295 
90 339 
91 134 
91 177 
91 189 
91 282 
91 295 
91 340 
92 134 
92 177 
92 189 
92 282 
92 295 
93 133 
93 177 
93 190 
93 282 
93 296 
94 133 
94 177 
94 225 
94 296 
95 132 
95 176 
95 225 
95 296 
95 341 
96 132 
96 176 
96 296 
96 342 
97 131 
97 176 
97 296 
97 342 
98 131 
98 176 
98 297 
98 343 
99 130 
99 176 
99 297 
99 343 
100 130 
100 297 
100 343 
101 130 
101 343 
102 129 
102 275 
102 296 
102 344 
103 129 
103 195 
103 275 
103 297 
103 344 
104 128 
104 195 
104 275 
104 297 
104 344 
105 128 
105 196 
105 275 
105 296 
105 345 
106 128 
106 197 
106 275 
106 296 
106 345 
107 127 
107 197 
107 274 
107 345 
108 127 
108 198 
108 274 
108 345 
109 126 
109 198 
109 274 
109 346 
110 126 
110 199 
110 273 
110 346 
111 126 
111 200 
111 273 
111 346 
112 125 
112 200 
112 272 
112 347 
113 125 
113 201 
113 272 
113 347 
114 124 
114 202 
114 270 
114 347 
115 124 
115 203 
115 270 
115 348 
116 124 
116 204 
116 268 
116 348 
117 124 
117 205 
117 267 
117 348 
118 123 
118 206 
118 266 
118 348 
119 123 
119 208 
119 265 
119 349 
120 122 
120 210 
120 264 
120 349 
121 122 
121 211 
121 261 
121 349 
249 108 
122 122 
122 214 
122 258 
122 349 
249 109 
289 109 
123 122 
123 217 
123 255 
123 350 
249 110 
294 110 
124 121 
124 222 
124 252 
124 350 
249 111 
299 111 
125 121 
125 350 
166 112 
249 112 
304 112 
126 121 
126 351 
159 113 
249 113 
309 113 
127 120 
127 243 
127 351 
249 114 
312 114 
128 120 
128 243 
128 351 
149 115 
249 115 
319 115 
129 120 
129 244 
129 352 
249 116 
322 116 
130 119 
130 352 
139 117 
249 117 
327 117 
131 119 
131 352 
136 118 
249 118 
330 118 
132 119 
132 252 
132 353 
131 119 
249 119 
335 119 
133 118 
133 353 
128 120 
249 120 
338 120 
134 118 
134 353 
125 121 
249 121 
341 121 
135 118 
135 353 
122 122 
249 122 
344 122 
136 118 
136 354 
117 123 
249 123 
348 123 
137 118 
137 354 
116 124 
249 124 
350 124 
138 117 
138 354 
113 125 
249 125 
353 125 
139 117 
139 355 
110 126 
249 126 
356 126 
140 117 
140 355 
107 127 
249 127 
359 127 
141 117 
141 355 
249 128 
362 128 
142 116 
142 355 
249 129 
363 129 
143 116 
143 356 
249 130 
366 130 
144 116 
144 356 
249 131 
367 131 
145 116 
145 357 
249 132 
370 132 
146 115 
146 357 
249 133 
373 133 
147 115 
147 357 
249 134 
375 134 
148 115 
148 357 
249 135 
377 135 
402 135 
149 115 
149 357 
249 136 
380 136 
402 136 
150 115 
150 358 
249 137 
381 137 
402 137 
151 114 
151 358 
87 138 
249 138 
384 138 
401 138 
152 114 
152 358 
86 139 
249 139 
385 139 
401 139 
153 114 
153 358 
86 140 
249 140 
388 140 
401 140 
154 114 
154 359 
86 141 
249 141 
389 141 
401 141 
155 114 
155 359 
86 142 
249 142 
390 142 
401 142 
156 113 
156 359 
249 143 
391 143 
400 143 
157 113 
157 359 
85 144 
249 144 
391 144 
400 144 
158 113 
158 359 
85 145 
249 145 
392 145 
159 113 
159 360 
84 146 
249 146 
392 146 
160 113 
160 360 
84 147 
249 147 
392 147 
161 112 
161 360 
84 148 
249 148 
393 148 
162 112 
162 360 
83 149 
249 149 
393 149 
163 112 
163 360 
83 150 
249 150 
393 150 
164 112 
164 361 
83 151 
249 151 
394 151 
165 112 
165 361 
83 152 
249 152 
394 152 
166 111 
166 361 
82 153 
249 153 
394 153 
167 111 
167 361 
82 154 
249 154 
395 154 
168 111 
168 361 
82 155 
249 155 
395 155 
169 111 
169 361 
82 156 
249 156 
395 156 
170 111 
170 361 
81 157 
249 157 
396 157 
171 110 
171 361 
81 158 
249 158 
396 158 
172 110 
172 362 
81 159 
249 159 
396 159 
173 110 
173 362 
81 160 
249 160 
396 160 
174 110 
174 362 
81 161 
249 161 
396 161 
175 110 
175 362 
80 162 
249 162 
397 162 
176 109 
176 362 
80 163 
249 163 
397 163 
177 110 
177 362 
80 164 
249 164 
397 164 
178 109 
178 363 
80 165 
249 165 
398 165 
179 109 
179 363 
79 166 
249 166 
397 166 
180 109 
180 363 
79 167 
249 167 
398 167 
181 109 
181 363 
79 168 
249 168 
398 168 
182 109 
182 363 
79 169 
249 169 
398 169 
183 109 
183 363 
79 170 
249 170 
398 170 
184 109 
184 363 
78 171 
249 171 
398 171 
185 108 
185 364 
78 172 
249 172 
399 172 
186 108 
186 364 
78 173 
249 173 
399 173 
187 108 
187 364 
78 174 
249 174 
399 174 
188 108 
188 364 
78 175 
249 175 
400 175 
189 108 
189 364 
77 176 
249 176 
400 176 
190 108 
190 365 
249 177 
380 177 
400 177 
191 108 
191 365 
249 178 
381 178 
400 178 
192 108 
192 365 
83 179 
102 179 
249 179 
381 179 
400 179 
193 108 
193 365 
80 180 
102 180 
250 180 
382 180 
401 180 
194 107 
194 365 
79 181 
102 181 
249 181 
385 181 
401 181 
195 108 
195 365 
77 182 
102 182 
250 182 
401 182 
196 107 
196 365 
77 183 
101 183 
249 183 
381 183 
391 183 
197 107 
197 365 
76 184 
101 184 
250 184 
381 184 
198 107 
198 365 
76 185 
101 185 
249 185 
381 185 
399 185 
199 107 
199 366 
76 186 
89 186 
101 186 
250 186 
381 186 
400 186 
200 107 
200 366 
89 187 
101 187 
251 187 
381 187 
401 187 
201 107 
201 366 
88 188 
101 188 
252 188 
381 188 
401 188 
202 107 
202 366 
101 189 
382 189 
402 189 
203 107 
203 366 
101 190 
381 190 
402 190 
204 107 
204 366 
79 191 
89 191 
101 191 
382 191 
402 191 
205 107 
205 219 
205 257 
205 366 
77 192 
90 192 
101 192 
382 192 
392 192 
402 192 
206 107 
206 216 
206 259 
206 367 
76 193 
89 193 
101 193 
382 193 
393 193 
402 193 
207 107 
207 213 
207 259 
207 367 
75 194 
89 194 
102 194 
250 194 
264 194 
382 194 
208 107 
208 212 
208 262 
208 367 
75 195 
89 195 
103 195 
229 195 
250 195 
267 195 
382 195 
400 195 
209 107 
209 211 
209 263 
209 367 
75 196 
89 196 
104 196 
226 196 
250 196 
270 196 
382 196 
401 196 
210 107 
210 210 
210 264 
210 367 
74 197 
89 197 
225 197 
249 197 
273 197 
382 197 
392 197 
402 197 
211 106 
211 209 
211 265 
211 367 
74 198 
89 198 
108 198 
222 198 
250 198 
274 198 
383 198 
392 198 
403 198 
212 107 
212 208 
212 267 
212 367 
74 199 
89 199 
100 199 
110 199 
221 199 
249 199 
276 199 
382 199 
392 199 
403 199 
213 106 
213 206 
213 269 
213 367 
74 200 
89 200 
100 200 
112 200 
220 200 
250 200 
276 200 
381 200 
392 200 
403 200 
214 107 
214 205 
214 270 
214 367 
74 201 
88 201 
100 201 
113 201 
219 201 
249 201 
279 201 
381 201 
392 201 
403 201 
215 106 
215 203 
215 271 
215 367 
74 202 
88 202 
100 202 
114 202 
218 202 
250 202 
280 202 
380 202 
392 202 
403 202 
216 106 
216 203 
216 272 
216 367 
74 203 
88 203 
100 203 
115 203 
217 203 
249 203 
281 203 
392 203 
403 203 
217 106 
217 203 
217 273 
217 367 
74 204 
88 204 
99 204 
116 204 
216 204 
250 204 
282 204 
372 204 
392 204 
403 204 
218 106 
218 202 
218 274 
218 367 
74 205 
88 205 
100 205 
117 205 
215 205 
249 205 
283 205 
371 205 
383 205 
392 205 
403 205 
219 106 
219 201 
219 275 
219 367 
74 206 
88 206 
99 206 
118 206 
212 206 
249 206 
284 206 
370 206 
383 206 
393 206 
403 206 
220 105 
220 200 
220 276 
220 367 
74 207 
88 207 
99 207 
118 207 
212 207 
249 207 
285 207 
369 207 
384 207 
392 207 
404 207 
221 106 
221 199 
221 277 
221 367 
74 208 
88 208 
99 208 
119 208 
211 208 
249 208 
286 208 
368 208 
383 208 
393 208 
404 208 
222 105 
222 198 
222 278 
222 367 
74 209 
88 209 
99 209 
119 209 
210 209 
249 209 
286 209 
367 209 
384 209 
393 209 
404 209 
223 106 
223 197 
223 278 
223 367 
74 210 
88 210 
99 210 
120 210 
210 210 
249 210 
286 210 
367 210 
383 210 
393 210 
404 210 
224 105 
224 196 
224 278 
224 367 
74 211 
88 211 
99 211 
121 211 
209 211 
287 211 
366 211 
383 211 
393 211 
404 211 
225 105 
225 195 
225 279 
225 367 
74 212 
88 212 
99 212 
121 212 
208 212 
288 212 
365 212 
383 212 
393 212 
404 212 
226 105 
226 196 
226 279 
226 367 
73 213 
88 213 
99 213 
122 213 
207 213 
288 213 
364 213 
383 213 
393 213 
404 213 
227 105 
227 195 
227 279 
227 367 
73 214 
87 214 
99 214 
122 214 
206 214 
288 214 
364 214 
383 214 
393 214 
404 214 
228 105 
228 194 
228 280 
228 367 
73 215 
87 215 
98 215 
122 215 
205 215 
289 215 
364 215 
384 215 
393 215 
404 215 
229 105 
229 194 
229 281 
229 367 
73 216 
87 216 
98 216 
123 216 
205 216 
290 216 
363 216 
383 216 
393 216 
404 216 
230 105 
230 194 
230 280 
230 367 
73 217 
87 217 
98 217 
123 217 
205 217 
289 217 
362 217 
383 217 
393 217 
404 217 
231 105 
231 193 
231 281 
231 367 
73 218 
87 218 
98 218 
123 218 
204 218 
290 218 
362 218 
383 218 
393 218 
404 218 
232 105 
232 193 
232 282 
232 367 
73 219 
87 219 
98 219 
124 219 
204 219 
291 219 
362 219 
384 219 
393 219 
404 219 
233 105 
233 193 
233 282 
233 367 
73 220 
87 220 
97 220 
124 220 
204 220 
291 220 
361 220 
384 220 
393 220 
404 220 
234 105 
234 192 
234 282 
234 367 
73 221 
87 221 
97 221 
124 221 
203 221 
291 221 
361 221 
384 221 
394 221 
404 221 
235 105 
235 193 
235 282 
235 367 
73 222 
87 222 
97 222 
125 222 
203 222 
292 222 
361 222 
384 222 
393 222 
405 222 
236 105 
236 192 
236 282 
236 367 
73 223 
87 223 
97 223 
125 223 
203 223 
293 223 
360 223 
384 223 
394 223 
404 223 
237 105 
237 191 
237 283 
237 367 
73 224 
87 224 
97 224 
125 224 
203 224 
293 224 
360 224 
384 224 
393 224 
405 224 
238 105 
238 192 
238 283 
238 367 
73 225 
87 225 
97 225 
125 225 
203 225 
293 225 
360 225 
384 225 
394 225 
405 225 
239 105 
239 191 
239 283 
239 367 
73 226 
87 226 
97 226 
125 226 
203 226 
294 226 
360 226 
384 226 
394 226 
405 226 
240 105 
240 191 
240 284 
240 367 
73 227 
87 227 
97 227 
125 227 
203 227 
294 227 
360 227 
384 227 
394 227 
405 227 
241 105 
241 191 
241 284 
241 367 
73 228 
87 228 
97 228 
125 228 
202 228 
294 228 
360 228 
384 228 
394 228 
405 228 
242 105 
242 190 
242 284 
242 367 
73 229 
87 229 
97 229 
126 229 
203 229 
295 229 
360 229 
384 229 
394 229 
405 229 
243 106 
243 190 
243 284 
243 367 
73 230 
87 230 
97 230 
126 230 
202 230 
295 230 
359 230 
384 230 
394 230 
405 230 
244 105 
244 190 
244 284 
244 367 
73 231 
87 231 
98 231 
126 231 
202 231 
295 231 
359 231 
384 231 
394 231 
405 231 
245 106 
245 190 
245 285 
73 232 
87 232 
97 232 
126 232 
202 232 
295 232 
359 232 
384 232 
394 232 
405 232 
246 105 
246 190 
246 284 
73 233 
87 233 
97 233 
126 233 
202 233 
295 233 
359 233 
384 233 
394 233 
405 233 
73 234 
87 234 
97 234 
126 234 
202 234 
296 234 
359 234 
384 234 
394 234 
405 234 
73 235 
87 235 
97 235 
126 235 
202 235 
296 235 
358 235 
384 235 
394 235 
405 235 
72 236 
87 236 
97 236 
125 236 
202 236 
296 236 
359 236 
385 236 
394 236 
405 236 
250 367 
72 237 
86 237 
97 237 
125 237 
202 237 
296 237 
359 237 
384 237 
394 237 
405 237 
251 367 
72 238 
86 238 
97 238 
125 238 
202 238 
296 238 
359 238 
384 238 
394 238 
405 238 
252 107 
252 284 
252 367 
73 239 
87 239 
97 239 
125 239 
202 239 
296 239 
359 239 
384 239 
394 239 
404 239 
253 106 
253 191 
253 285 
253 367 
73 240 
87 240 
97 240 
126 240 
202 240 
296 240 
359 240 
384 240 
394 240 
404 240 
254 106 
254 190 
254 284 
254 367 
73 241 
87 241 
97 241 
126 241 
202 241 
296 241 
359 241 
384 241 
394 241 
404 241 
255 106 
255 191 
255 284 
255 366 
73 242 
87 242 
97 242 
126 242 
202 242 
296 242 
359 242 
384 242 
394 242 
404 242 
256 106 
256 190 
256 284 
256 367 
73 243 
87 243 
97 243 
126 243 
202 243 
296 243 
359 243 
384 243 
394 243 
404 243 
257 106 
257 191 
257 284 
257 366 
73 244 
87 244 
97 244 
126 244 
202 244 
295 244 
359 244 
384 244 
393 244 
404 244 
258 106 
258 192 
258 284 
258 367 
73 245 
87 245 
97 245 
126 245 
203 245 
295 245 
359 245 
384 245 
394 245 
404 245 
259 106 
259 192 
259 284 
259 366 
73 246 
87 246 
97 246 
125 246 
202 246 
295 246 
359 246 
384 246 
393 246 
404 246 
260 107 
260 192 
260 284 
260 367 
73 247 
88 247 
97 247 
125 247 
203 247 
295 247 
360 247 
384 247 
394 247 
404 247 
261 106 
261 193 
261 283 
261 366 
73 248 
88 248 
97 248 
125 248 
202 248 
294 248 
360 248 
384 248 
393 248 
404 248 
262 107 
262 194 
262 283 
262 366 
73 249 
88 249 
98 249 
125 249 
203 249 
294 249 
360 249 
384 249 
394 249 
404 249 
263 106 
263 193 
263 283 
263 366 
73 250 
88 250 
98 250 
125 250 
203 250 
293 250 
360 250 
384 250 
393 250 
404 250 
264 107 
264 194 
264 282 
264 366 
73 251 
88 251 
98 251 
124 251 
203 251 
293 251 
360 251 
384 251 
393 251 
404 251 
265 106 
265 195 
265 281 
265 366 
73 252 
88 252 
98 252 
124 252 
203 252 
293 252 
361 252 
384 252 
393 252 
404 252 
266 107 
266 195 
266 280 
266 365 
74 253 
88 253 
98 253 
124 253 
203 253 
293 253 
361 253 
384 253 
394 253 
404 253 
267 106 
267 195 
267 280 
267 365 
74 254 
88 254 
98 254 
123 254 
204 254 
292 254 
361 254 
384 254 
393 254 
404 254 
268 107 
268 196 
268 280 
268 365 
74 255 
88 255 
98 255 
123 255 
204 255 
292 255 
362 255 
384 255 
393 255 
404 255 
269 107 
269 197 
269 279 
269 365 
74 256 
88 256 
98 256 
123 256 
204 256 
292 256 
362 256 
383 256 
393 256 
404 256 
270 107 
270 197 
270 278 
270 365 
74 257 
88 257 
98 257 
122 257 
205 257 
292 257 
362 257 
383 257 
393 257 
404 257 
271 107 
271 197 
271 278 
271 365 
74 258 
88 258 
98 258 
122 258 
206 258 
292 258 
363 258 
383 258 
393 258 
404 258 
272 107 
272 198 
272 278 
272 365 
74 259 
88 259 
98 259 
122 259 
207 259 
363 259 
383 259 
393 259 
404 259 
273 107 
273 199 
273 277 
273 365 
74 260 
88 260 
98 260 
121 260 
207 260 
364 260 
383 260 
393 260 
404 260 
274 107 
274 199 
274 276 
274 365 
74 261 
88 261 
98 261 
121 261 
207 261 
364 261 
383 261 
393 261 
404 261 
275 107 
275 199 
275 275 
275 365 
74 262 
88 262 
99 262 
121 262 
208 262 
289 262 
365 262 
383 262 
393 262 
404 262 
276 107 
276 200 
276 275 
276 365 
74 263 
88 263 
98 263 
120 263 
209 263 
249 263 
288 263 
365 263 
383 263 
393 263 
404 263 
277 108 
277 201 
277 275 
277 365 
75 264 
88 264 
99 264 
120 264 
210 264 
249 264 
288 264 
365 264 
383 264 
393 264 
403 264 
278 107 
278 201 
278 274 
278 365 
75 265 
88 265 
98 265 
119 265 
211 265 
249 265 
287 265 
366 265 
383 265 
392 265 
404 265 
279 108 
279 203 
279 273 
279 364 
75 266 
88 266 
99 266 
118 266 
212 266 
249 266 
286 266 
367 266 
383 266 
392 266 
403 266 
280 108 
280 203 
280 272 
280 365 
75 267 
88 267 
99 267 
117 267 
212 267 
249 267 
285 267 
368 267 
383 267 
392 267 
403 267 
281 108 
281 203 
281 271 
281 364 
75 268 
89 268 
99 268 
117 268 
213 268 
249 268 
284 268 
368 268 
383 268 
392 268 
403 268 
282 108 
282 204 
282 270 
282 364 
75 269 
89 269 
99 269 
116 269 
213 269 
249 269 
283 269 
369 269 
382 269 
392 269 
403 269 
283 108 
283 205 
283 269 
283 364 
75 270 
89 270 
99 270 
115 270 
214 270 
249 270 
282 270 
370 270 
382 270 
392 270 
403 270 
284 109 
284 206 
284 268 
284 364 
75 271 
89 271 
99 271 
113 271 
215 271 
249 271 
281 271 
373 271 
392 271 
403 271 
285 108 
285 209 
285 267 
285 364 
76 272 
89 272 
99 272 
112 272 
216 272 
249 272 
280 272 
391 272 
402 272 
286 109 
286 210 
286 266 
286 363 
76 273 
89 273 
100 273 
111 273 
217 273 
249 273 
279 273 
379 273 
392 273 
402 273 
287 109 
287 213 
287 266 
287 363 
76 274 
89 274 
218 274 
249 274 
277 274 
380 274 
391 274 
402 274 
288 109 
288 216 
288 265 
288 363 
76 275 
89 275 
107 275 
219 275 
249 275 
276 275 
381 275 
392 275 
402 275 
289 109 
289 217 
289 255 
289 265 
289 363 
76 276 
89 276 
220 276 
249 276 
274 276 
381 276 
391 276 
401 276 
290 109 
290 220 
290 255 
290 265 
290 363 
76 277 
90 277 
100 277 
223 277 
249 277 
273 277 
381 277 
400 277 
291 110 
291 221 
291 255 
291 363 
76 278 
90 278 
100 278 
226 278 
249 278 
272 278 
381 278 
400 278 
292 109 
292 224 
292 254 
292 363 
76 279 
90 279 
100 279 
229 279 
249 279 
271 279 
381 279 
293 110 
293 227 
293 251 
293 363 
77 280 
90 280 
100 280 
249 280 
268 280 
381 280 
392 280 
294 110 
294 363 
79 281 
90 281 
100 281 
249 281 
267 281 
380 281 
391 281 
401 281 
295 110 
295 362 
100 282 
381 282 
391 282 
401 282 
296 111 
296 244 
296 362 
100 283 
380 283 
401 283 
297 110 
297 362 
88 284 
101 284 
380 284 
401 284 
298 111 
298 238 
298 362 
89 285 
101 285 
380 285 
400 285 
299 111 
299 240 
299 362 
77 286 
89 286 
101 286 
380 286 
400 286 
300 111 
300 361 
78 287 
90 287 
101 287 
249 287 
380 287 
400 287 
301 111 
301 361 
78 288 
101 288 
249 288 
380 288 
399 288 
302 111 
302 361 
78 289 
101 289 
249 289 
380 289 
399 289 
303 112 
303 361 
79 290 
102 290 
249 290 
379 290 
398 290 
304 112 
304 361 
80 291 
102 291 
249 291 
379 291 
305 112 
305 361 
81 292 
102 292 
249 292 
379 292 
390 292 
306 113 
82 293 
102 293 
249 293 
387 293 
399 293 
307 113 
307 360 
88 294 
102 294 
249 294 
384 294 
399 294 
308 113 
308 360 
91 295 
102 295 
249 295 
381 295 
399 295 
309 113 
309 360 
249 296 
379 296 
399 296 
310 113 
310 359 
80 297 
101 297 
249 297 
379 297 
398 297 
311 114 
311 359 
80 298 
101 298 
249 298 
398 298 
312 114 
312 359 
80 299 
102 299 
249 299 
398 299 
313 114 
313 359 
80 300 
102 300 
249 300 
398 300 
314 114 
314 359 
81 301 
249 301 
398 301 
315 114 
315 358 
81 302 
249 302 
397 302 
316 115 
316 358 
81 303 
249 303 
397 303 
317 115 
317 358 
81 304 
249 304 
397 304 
318 115 
318 357 
82 305 
249 305 
397 305 
319 115 
319 357 
82 306 
249 306 
396 306 
320 115 
320 357 
82 307 
249 307 
396 307 
321 116 
321 357 
82 308 
249 308 
396 308 
322 116 
322 357 
82 309 
249 309 
396 309 
323 116 
323 356 
83 310 
249 310 
396 310 
324 117 
324 356 
83 311 
249 311 
396 311 
325 117 
325 356 
83 312 
249 312 
395 312 
326 117 
326 355 
83 313 
249 313 
395 313 
327 117 
327 355 
84 314 
248 314 
395 314 
328 117 
328 355 
84 315 
248 315 
394 315 
329 118 
329 355 
84 316 
248 316 
394 316 
330 118 
330 355 
85 317 
248 317 
394 317 
331 118 
331 354 
85 318 
248 318 
393 318 
332 119 
332 354 
85 319 
248 319 
393 319 
333 119 
333 354 
85 320 
248 320 
393 320 
334 119 
334 353 
86 321 
248 321 
392 321 
335 119 
335 353 
86 322 
248 322 
392 322 
336 119 
336 353 
86 323 
248 323 
392 323 
337 120 
337 353 
86 324 
248 324 
392 324 
338 120 
338 352 
86 325 
248 325 
391 325 
339 120 
339 352 
87 326 
248 326 
391 326 
340 121 
340 351 
87 327 
248 327 
390 327 
341 121 
341 351 
87 328 
248 328 
390 328 
342 121 
342 351 
87 329 
248 329 
390 329 
343 122 
343 351 
87 330 
248 330 
389 330 
344 122 
344 350 
88 331 
248 331 
388 331 
345 122 
345 350 
88 332 
248 332 
388 332 
346 123 
346 349 
89 333 
248 333 
347 123 
347 349 
89 334 
248 334 
382 334 
348 123 
348 349 
89 335 
248 335 
381 335 
349 123 
349 348 
90 336 
247 336 
379 336 
350 123 
350 348 
90 337 
248 337 
376 337 
351 124 
351 348 
90 338 
247 338 
374 338 
352 125 
352 347 
248 339 
371 339 
353 125 
353 347 
93 340 
247 340 
369 340 
354 125 
354 346 
94 341 
247 341 
366 341 
355 126 
355 346 
247 342 
363 342 
356 126 
356 345 
247 343 
361 343 
357 126 
357 234 
357 242 
357 345 
247 344 
358 344 
358 127 
358 345 
107 345 
247 345 
356 345 
359 127 
359 344 
110 346 
247 346 
354 346 
360 127 
360 224 
360 250 
360 344 
113 347 
247 347 
351 347 
361 128 
361 221 
361 253 
361 343 
116 348 
247 348 
349 348 
362 129 
362 218 
362 256 
362 343 
119 349 
247 349 
347 349 
363 129 
363 215 
363 259 
363 342 
122 350 
247 350 
344 350 
364 129 
364 214 
364 262 
364 342 
126 351 
247 351 
341 351 
365 130 
365 211 
365 263 
365 342 
130 352 
247 352 
338 352 
366 130 
366 210 
366 266 
366 341 
133 353 
247 353 
335 353 
367 131 
367 209 
367 267 
367 341 
136 354 
247 354 
332 354 
368 131 
368 208 
368 268 
368 341 
139 355 
247 355 
329 355 
369 132 
369 207 
369 269 
369 340 
143 356 
247 356 
324 356 
370 132 
370 206 
370 269 
370 340 
147 357 
247 357 
321 357 
371 132 
371 205 
371 270 
371 339 
150 358 
247 358 
316 358 
372 133 
372 204 
372 271 
372 339 
155 359 
247 359 
313 359 
373 133 
373 204 
373 271 
373 339 
162 360 
247 360 
308 360 
374 133 
374 203 
374 272 
374 338 
167 361 
247 361 
303 361 
375 134 
375 203 
375 272 
375 338 
174 362 
247 362 
296 362 
376 135 
376 203 
376 273 
376 295 
376 337 
179 363 
247 363 
291 363 
377 135 
377 202 
377 272 
377 295 
377 337 
247 364 
378 135 
378 180 
378 202 
378 273 
378 294 
378 337 
195 365 
379 136 
379 181 
379 202 
379 272 
379 336 
380 136 
380 181 
380 202 
380 273 
380 284 
380 336 
381 137 
381 295 
381 335 
382 137 
382 181 
382 295 
382 335 
383 138 
383 180 
383 294 
383 334 
384 138 
384 181 
384 294 
384 333 
385 109 
385 139 
385 181 
385 294 
385 333 
386 109 
386 139 
386 181 
386 293 
386 333 
387 109 
387 140 
387 182 
387 293 
387 332 
388 110 
388 140 
388 182 
388 293 
388 332 
389 110 
389 140 
389 182 
389 280 
389 293 
389 331 
390 141 
390 183 
390 278 
390 292 
391 143 
391 183 
391 195 
391 292 
392 147 
392 183 
392 291 
392 320 
393 150 
393 184 
393 279 
393 291 
393 318 
394 152 
394 184 
394 195 
394 279 
394 291 
394 316 
395 157 
395 184 
395 194 
395 279 
395 291 
395 311 
396 160 
396 185 
396 195 
396 279 
396 290 
396 306 
397 165 
397 185 
397 195 
397 278 
397 290 
397 303 
398 141 
398 168 
398 185 
398 195 
398 278 
399 141 
399 173 
399 195 
399 278 
400 141 
400 195 
402 276 
