298 252 
373 252 
412 252 
424 252 
298 252 
372 254 
399 254 
410 255 
422 255 
298 254 
370 256 
399 257 
412 258 
422 258 
298 254 
370 258 
398 259 
411 260 
298 255 
370 260 
398 262 
421 264 
297 256 
370 263 
397 265 
410 266 
421 267 
297 257 
351 262 
370 264 
396 267 
410 269 
421 270 
297 258 
369 267 
396 270 
410 272 
420 273 
297 259 
368 269 
396 273 
409 275 
420 276 
297 259 
368 271 
396 275 
409 277 
420 279 
297 261 
368 273 
396 278 
408 280 
419 282 
297 262 
368 275 
395 281 
418 285 
297 262 
368 277 
394 283 
418 288 
441 293 
297 263 
368 280 
394 286 
407 289 
419 291 
297 264 
368 282 
394 288 
406 291 
417 294 
297 265 
367 284 
393 291 
405 294 
416 297 
297 267 
368 287 
393 294 
404 297 
416 301 
297 267 
368 289 
392 296 
404 300 
416 304 
296 268 
368 291 
390 299 
402 302 
415 307 
296 269 
368 294 
391 302 
296 270 
368 296 
390 304 
400 308 
413 313 
296 271 
369 299 
402 311 
412 315 
296 272 
370 302 
388 309 
401 314 
296 273 
371 305 
386 311 
399 317 
410 321 
295 274 
379 311 
404 323 
295 274 
378 313 
386 317 
400 323 
294 275 
385 320 
294 276 
384 322 
405 333 
294 277 
384 325 
399 333 
294 278 
394 334 
405 340 
293 279 
389 334 
292 280 
382 334 
402 346 
292 280 
381 336 
401 349 
292 282 
382 340 
291 282 
398 354 
291 284 
398 359 
290 284 
397 361 
290 285 
393 363 
290 286 
391 365 
288 286 
392 371 
288 287 
389 372 
286 287 
286 288 
386 378 
286 289 
383 379 
285 290 
379 380 
284 290 
374 380 
284 291 
371 382 
283 292 
367 382 
282 292 
362 381 
281 292 
360 383 
280 293 
356 384 
280 293 
354 385 
278 294 
351 386 
278 294 
347 386 
277 295 
344 387 
276 295 
341 387 
275 296 
338 388 
274 296 
334 388 
274 297 
332 389 
273 297 
328 389 
272 298 
325 389 
271 298 
322 389 
271 299 
319 390 
270 299 
316 390 
269 299 
313 390 
268 300 
310 390 
268 300 
308 391 
266 301 
304 391 
265 301 
302 392 
265 301 
299 391 
263 301 
296 391 
263 302 
294 391 
262 302 
291 391 
261 302 
288 391 
260 302 
286 391 
259 303 
283 391 
258 303 
280 391 
257 303 
278 391 
256 303 
275 390 
256 303 
273 390 
255 303 
270 390 
253 303 
267 390 
253 303 
265 390 
252 304 
262 388 
251 304 
260 389 
250 304 
258 390 
249 304 
255 388 
248 304 
253 388 
248 304 
250 389 
246 304 
248 388 
246 304 
246 388 
245 303 
243 388 
243 304 
241 388 
243 304 
238 387 
242 304 
236 387 
241 304 
233 388 
241 295 
240 304 
224 385 
222 385 
235 303 
219 384 
235 302 
218 384 
234 302 
215 384 
233 302 
213 384 
232 302 
210 383 
231 302 
208 382 
230 302 
206 382 
229 301 
203 382 
228 301 
201 380 
228 301 
199 380 
227 300 
196 380 
226 300 
195 378 
225 300 
192 379 
224 299 
189 378 
223 299 
187 377 
222 299 
185 376 
222 298 
183 374 
221 298 
180 374 
220 298 
178 374 
220 297 
176 373 
218 296 
173 372 
218 296 
171 370 
217 296 
169 370 
216 296 
166 369 
215 295 
164 368 
215 294 
162 367 
214 293 
158 367 
214 293 
156 366 
212 292 
154 364 
212 292 
151 364 
211 291 
149 362 
210 291 
145 363 
209 291 
208 290 
142 359 
208 290 
139 359 
207 290 
136 358 
206 289 
134 356 
206 288 
131 356 
206 287 
204 287 
126 352 
204 286 
124 351 
203 285 
120 350 
203 285 
117 349 
202 284 
115 347 
202 283 
114 345 
201 282 
201 281 
107 342 
200 280 
105 340 
200 280 
199 279 
98 337 
199 277 
96 335 
199 277 
93 333 
198 276 
198 275 
91 327 
197 274 
91 324 
197 274 
89 322 
197 272 
88 319 
196 272 
89 315 
196 271 
89 312 
196 270 
196 269 
124 294 
195 268 
105 298 
87 303 
195 267 
104 295 
88 300 
195 267 
87 297 
194 266 
96 292 
194 264 
104 287 
91 290 
194 264 
105 284 
88 288 
194 262 
104 282 
87 285 
194 262 
104 279 
94 281 
193 261 
193 260 
117 272 
104 274 
87 277 
193 259 
119 270 
104 272 
193 258 
121 267 
105 269 
193 257 
122 264 
105 266 
95 267 
85 268 
193 256 
124 262 
104 264 
96 265 
193 255 
125 260 
105 261 
193 254 
126 258 
105 259 
95 259 
85 260 
193 254 
126 256 
105 257 
94 257 
192 252 
127 254 
192 252 
104 252 
193 251 
129 249 
106 249 
193 249 
129 247 
105 246 
95 246 
85 246 
193 249 
129 245 
106 244 
86 243 
193 248 
129 243 
106 242 
86 240 
194 247 
130 241 
106 239 
96 238 
87 237 
194 246 
130 239 
107 237 
96 236 
194 245 
130 237 
107 234 
97 233 
194 244 
129 235 
107 232 
194 243 
130 233 
107 230 
194 242 
130 231 
107 227 
194 241 
107 224 
89 221 
195 241 
128 226 
107 222 
88 218 
195 240 
128 224 
108 220 
98 217 
195 239 
128 222 
108 217 
99 215 
196 238 
127 220 
109 215 
91 210 
196 237 
125 216 
109 212 
196 236 
125 214 
110 210 
197 235 
123 211 
110 207 
197 234 
198 234 
115 203 
94 196 
198 233 
111 200 
198 232 
102 193 
199 231 
112 194 
96 188 
199 230 
113 192 
97 184 
199 230 
112 189 
200 229 
201 228 
201 227 
114 181 
201 227 
202 226 
202 224 
202 224 
203 223 
204 223 
204 222 
205 221 
206 221 
206 220 
206 218 
207 219 
208 217 
118 140 
208 217 
120 137 
209 217 
123 137 
210 216 
125 134 
210 215 
128 133 
210 216 
129 132 
211 215 
133 132 
211 214 
137 132 
211 214 
140 132 
214 214 
143 130 
213 213 
146 130 
214 212 
215 212 
151 127 
215 211 
154 127 
216 211 
157 126 
217 210 
160 125 
218 210 
163 126 
218 209 
165 124 
219 209 
168 124 
220 208 
171 123 
221 208 
173 122 
221 207 
176 121 
222 207 
179 122 
223 207 
181 121 
224 207 
185 121 
224 206 
186 121 
226 206 
189 120 
227 206 
192 120 
227 206 
194 119 
228 205 
197 119 
229 205 
199 118 
230 205 
202 119 
231 205 
204 118 
232 205 
207 118 
233 204 
210 118 
234 204 
212 118 
234 204 
215 118 
235 204 
217 116 
236 204 
219 117 
237 204 
221 116 
238 204 
224 117 
238 204 
226 117 
240 204 
229 117 
241 204 
231 117 
241 204 
233 116 
242 204 
236 117 
243 204 
238 117 
244 204 
240 117 
245 204 
243 117 
246 204 
246 117 
246 204 
248 117 
251 117 
253 117 
249 204 
251 178 
255 118 
252 183 
255 150 
257 118 
253 205 
265 118 
253 205 
256 183 
267 118 
254 205 
269 119 
255 205 
271 120 
255 205 
274 119 
257 205 
276 119 
257 205 
278 120 
258 206 
281 120 
259 206 
284 119 
259 206 
286 120 
261 206 
288 121 
263 207 
263 207 
265 207 
301 122 
304 123 
309 112 
305 124 
308 125 
268 209 
310 126 
313 126 
269 209 
315 126 
318 127 
321 127 
323 128 
326 128 
329 129 
332 130 
275 212 
333 132 
276 213 
336 133 
276 213 
339 133 
278 213 
342 134 
277 214 
345 134 
347 136 
279 215 
350 137 
279 216 
353 137 
281 216 
356 138 
281 216 
358 139 
281 217 
361 140 
282 218 
364 141 
283 218 
367 142 
283 218 
369 144 
284 220 
372 146 
284 220 
375 146 
286 220 
379 147 
286 221 
381 149 
287 221 
384 151 
287 222 
387 152 
288 223 
390 154 
288 224 
394 155 
289 224 
396 157 
289 225 
400 158 
289 227 
403 160 
290 227 
290 228 
411 164 
291 228 
414 165 
291 229 
418 167 
291 230 
418 172 
292 230 
419 174 
292 232 
420 177 
293 233 
420 181 
293 233 
420 185 
293 234 
294 234 
420 191 
294 236 
295 237 
422 197 
295 237 
422 201 
295 238 
401 210 
422 204 
296 239 
401 213 
422 208 
296 240 
409 214 
422 211 
296 241 
399 219 
413 216 
424 214 
297 241 
400 221 
418 218 
297 242 
400 224 
422 220 
297 244 
400 227 
413 225 
422 224 
297 244 
393 231 
400 230 
417 227 
297 245 
412 231 
422 230 
297 246 
384 237 
400 235 
411 234 
424 233 
297 247 
382 239 
400 238 
412 237 
422 236 
298 248 
380 242 
400 241 
412 240 
424 239 
298 249 
377 245 
400 243 
412 243 
424 242 
298 249 
375 247 
400 246 
411 245 
422 245 
298 251 
375 249 
398 249 
423 248 
321 34 
87 277 
88 277 
90 278 
90 289 
90 325 
91 290 
91 328 
92 279 
92 290 
93 195 
93 279 
93 290 
93 333 
94 291 
94 334 
95 292 
96 185 
96 292 
96 336 
97 293 
97 336 
98 195 
98 293 
98 336 
99 195 
99 293 
99 336 
100 294 
100 338 
101 295 
101 338 
102 184 
102 296 
102 338 
103 184 
103 195 
103 295 
103 339 
104 184 
104 295 
104 340 
105 184 
105 295 
105 341 
106 184 
106 295 
106 342 
107 183 
107 276 
107 341 
108 183 
108 276 
108 341 
109 182 
109 275 
109 343 
110 183 
110 276 
110 344 
111 184 
111 275 
111 343 
112 275 
112 344 
293 119 
113 140 
113 205 
113 275 
113 345 
261 120 
277 120 
292 120 
114 140 
114 204 
114 253 
114 275 
114 346 
261 121 
288 121 
115 139 
115 205 
115 274 
115 347 
260 122 
291 122 
116 139 
116 205 
116 273 
116 348 
170 123 
260 123 
291 123 
300 123 
117 206 
117 272 
117 349 
167 124 
203 124 
260 124 
303 124 
118 206 
118 271 
118 349 
162 125 
260 125 
310 125 
119 206 
119 270 
119 349 
159 126 
260 126 
314 126 
120 207 
120 268 
120 350 
156 127 
260 127 
317 127 
121 139 
121 208 
121 266 
121 351 
151 128 
260 128 
321 128 
122 139 
122 209 
122 265 
122 351 
148 129 
259 129 
326 129 
123 211 
123 264 
123 351 
143 130 
259 130 
329 130 
124 213 
124 262 
124 352 
138 131 
259 131 
332 131 
125 136 
125 216 
125 260 
125 352 
135 132 
259 132 
335 132 
126 217 
126 257 
126 352 
132 133 
259 133 
338 133 
127 135 
127 220 
127 256 
127 353 
129 134 
259 134 
341 134 
128 134 
128 223 
128 354 
126 135 
259 135 
346 135 
129 133 
129 224 
129 355 
259 136 
349 136 
130 134 
130 355 
259 137 
351 137 
131 133 
131 356 
258 138 
355 138 
132 133 
132 239 
132 356 
259 139 
357 139 
133 132 
133 357 
258 140 
360 140 
134 132 
134 357 
258 141 
362 141 
135 133 
135 357 
258 142 
365 142 
136 132 
136 358 
258 143 
367 143 
137 132 
137 358 
258 144 
370 144 
138 94 
138 358 
257 145 
371 145 
139 131 
139 359 
258 146 
374 146 
140 130 
140 360 
257 147 
375 147 
141 130 
141 360 
257 148 
378 148 
142 130 
142 360 
257 149 
380 149 
143 130 
143 360 
257 150 
382 150 
144 130 
144 362 
257 151 
385 151 
145 42 
145 130 
145 362 
257 152 
386 152 
146 129 
146 362 
257 153 
389 153 
147 130 
147 363 
257 154 
390 154 
148 130 
148 363 
257 155 
393 155 
149 128 
149 363 
256 156 
394 156 
150 129 
150 363 
257 157 
397 157 
151 128 
151 364 
256 158 
399 158 
152 41 
152 128 
152 364 
257 159 
401 159 
153 128 
153 365 
256 160 
402 160 
154 127 
154 364 
103 161 
257 161 
405 161 
155 127 
155 365 
101 162 
408 162 
156 126 
156 365 
256 163 
409 163 
157 126 
157 366 
256 164 
411 164 
158 126 
158 366 
103 165 
256 165 
413 165 
159 125 
159 367 
256 166 
414 166 
160 126 
160 367 
255 167 
416 167 
161 126 
161 367 
255 168 
418 168 
162 124 
162 368 
255 169 
418 169 
163 125 
163 367 
255 170 
164 124 
164 368 
255 171 
418 171 
165 124 
165 369 
99 172 
254 172 
418 172 
166 124 
166 369 
99 173 
255 173 
419 173 
167 123 
167 369 
99 174 
254 174 
168 123 
168 369 
99 175 
255 175 
419 175 
169 124 
169 369 
98 176 
254 176 
420 176 
170 33 
170 124 
170 370 
98 177 
254 177 
421 177 
171 124 
171 371 
99 178 
254 178 
420 178 
172 123 
172 372 
98 179 
253 179 
420 179 
173 123 
173 371 
115 180 
253 180 
421 180 
174 40 
174 122 
174 372 
253 181 
421 181 
175 121 
175 372 
97 182 
253 182 
420 182 
176 122 
176 373 
253 183 
420 183 
177 122 
177 373 
253 184 
420 184 
178 122 
178 374 
252 185 
420 185 
179 121 
179 374 
252 186 
420 186 
180 121 
180 374 
96 187 
421 187 
181 121 
181 374 
96 188 
113 188 
422 188 
182 122 
182 374 
96 189 
113 189 
421 189 
183 121 
183 375 
95 190 
113 190 
252 190 
420 190 
184 121 
184 376 
95 191 
113 191 
252 191 
421 191 
185 121 
185 376 
113 192 
252 192 
420 192 
186 28 
186 121 
186 376 
112 193 
252 193 
422 193 
187 121 
187 376 
113 194 
251 194 
421 194 
188 121 
188 377 
113 195 
251 195 
421 195 
189 121 
189 377 
112 196 
251 196 
190 120 
190 378 
112 197 
251 197 
422 197 
191 120 
191 254 
191 379 
94 198 
112 198 
251 198 
421 198 
192 120 
192 378 
93 199 
110 199 
251 199 
193 120 
193 378 
111 200 
250 200 
422 200 
194 120 
194 379 
91 201 
101 201 
111 201 
250 201 
421 201 
195 120 
195 241 
195 379 
92 202 
111 202 
422 202 
196 119 
196 237 
196 273 
196 379 
113 203 
422 203 
197 119 
197 236 
197 274 
197 379 
99 204 
114 204 
422 204 
198 118 
198 233 
198 277 
198 380 
100 205 
116 205 
422 205 
199 118 
199 232 
199 278 
199 380 
100 206 
227 206 
422 206 
200 118 
200 229 
200 280 
200 380 
91 207 
119 207 
224 207 
422 207 
201 119 
201 226 
201 282 
201 380 
90 208 
99 208 
110 208 
120 208 
221 208 
250 208 
267 208 
423 208 
202 119 
202 225 
202 283 
202 381 
91 209 
110 209 
121 209 
220 209 
250 209 
268 209 
401 209 
423 209 
203 118 
203 224 
203 284 
203 381 
91 210 
110 210 
122 210 
217 210 
249 210 
271 210 
401 210 
422 210 
204 118 
204 223 
204 285 
204 382 
99 211 
110 211 
123 211 
216 211 
249 211 
272 211 
401 211 
422 211 
205 118 
205 221 
205 287 
205 382 
98 212 
109 212 
124 212 
215 212 
249 212 
273 212 
423 212 
206 118 
206 221 
206 288 
206 382 
99 213 
109 213 
125 213 
214 213 
249 213 
276 213 
401 213 
408 213 
423 213 
207 118 
207 218 
207 288 
207 383 
99 214 
109 214 
125 214 
212 214 
278 214 
400 214 
409 214 
424 214 
208 118 
208 218 
208 290 
208 382 
99 215 
109 215 
125 215 
211 215 
279 215 
400 215 
412 215 
423 215 
209 118 
209 217 
209 291 
209 382 
88 216 
99 216 
108 216 
126 216 
209 216 
281 216 
414 216 
210 118 
210 215 
210 291 
210 382 
89 217 
99 217 
108 217 
126 217 
209 217 
282 217 
416 217 
211 119 
211 215 
211 292 
211 383 
89 218 
98 218 
108 218 
126 218 
208 218 
283 218 
419 218 
212 118 
212 214 
212 293 
212 383 
89 219 
98 219 
108 219 
127 219 
206 219 
284 219 
421 219 
213 118 
213 213 
213 293 
213 383 
89 220 
98 220 
108 220 
127 220 
206 220 
285 220 
400 220 
422 220 
214 118 
214 213 
214 294 
214 384 
89 221 
98 221 
108 221 
127 221 
205 221 
286 221 
400 221 
215 118 
215 212 
215 294 
215 384 
89 222 
99 222 
108 222 
128 222 
204 222 
287 222 
400 222 
422 222 
216 117 
216 211 
216 295 
216 384 
89 223 
98 223 
108 223 
128 223 
204 223 
288 223 
423 223 
217 117 
217 210 
217 296 
217 384 
88 224 
98 224 
108 224 
128 224 
203 224 
288 224 
422 224 
218 117 
218 210 
218 297 
218 384 
88 225 
97 225 
108 225 
128 225 
202 225 
289 225 
413 225 
423 225 
219 117 
219 209 
219 297 
219 384 
87 226 
98 226 
108 226 
128 226 
202 226 
289 226 
413 226 
423 226 
220 117 
220 208 
220 297 
220 384 
87 227 
107 227 
128 227 
201 227 
290 227 
401 227 
414 227 
221 117 
221 207 
221 298 
221 385 
108 228 
201 228 
290 228 
400 228 
419 228 
222 116 
222 207 
222 298 
222 384 
87 229 
107 229 
200 229 
291 229 
400 229 
421 229 
223 118 
223 207 
223 299 
223 385 
107 230 
199 230 
291 230 
400 230 
412 230 
422 230 
224 116 
224 207 
224 299 
224 386 
97 231 
107 231 
130 231 
199 231 
292 231 
396 231 
412 231 
422 231 
225 117 
225 206 
225 300 
225 385 
97 232 
107 232 
130 232 
198 232 
292 232 
395 232 
412 232 
422 232 
226 117 
226 206 
226 300 
226 384 
86 233 
97 233 
107 233 
129 233 
198 233 
293 233 
394 233 
411 233 
424 233 
227 116 
227 206 
227 301 
227 384 
97 234 
106 234 
130 234 
198 234 
293 234 
389 234 
411 234 
424 234 
228 117 
228 205 
228 301 
97 235 
107 235 
129 235 
197 235 
294 235 
388 235 
400 235 
413 235 
229 117 
229 205 
229 301 
87 236 
97 236 
107 236 
130 236 
197 236 
294 236 
386 236 
400 236 
412 236 
422 236 
230 117 
230 205 
230 301 
87 237 
96 237 
107 237 
130 237 
196 237 
295 237 
384 237 
400 237 
412 237 
424 237 
231 117 
231 205 
231 302 
87 238 
96 238 
106 238 
130 238 
196 238 
295 238 
383 238 
400 238 
412 238 
424 238 
232 118 
232 205 
232 302 
232 357 
232 386 
86 239 
106 239 
130 239 
195 239 
296 239 
382 239 
400 239 
412 239 
424 239 
233 116 
233 204 
233 302 
233 387 
86 240 
106 240 
130 240 
195 240 
296 240 
382 240 
400 240 
412 240 
424 240 
234 117 
234 204 
234 302 
234 347 
234 386 
86 241 
96 241 
106 241 
130 241 
195 241 
296 241 
381 241 
399 241 
412 241 
235 117 
235 204 
235 283 
235 303 
235 313 
235 347 
235 387 
87 242 
96 242 
106 242 
130 242 
194 242 
297 242 
380 242 
399 242 
412 242 
424 242 
236 117 
236 204 
236 387 
86 243 
106 243 
129 243 
194 243 
297 243 
378 243 
400 243 
412 243 
423 243 
237 117 
237 204 
237 324 
237 387 
87 244 
106 244 
129 244 
194 244 
297 244 
357 244 
378 244 
400 244 
412 244 
422 244 
238 116 
238 204 
238 387 
86 245 
105 245 
129 245 
194 245 
297 245 
377 245 
400 245 
411 245 
422 245 
239 117 
239 204 
239 388 
85 246 
95 246 
105 246 
129 246 
194 246 
297 246 
376 246 
400 246 
423 246 
240 116 
240 204 
240 388 
85 247 
105 247 
129 247 
194 247 
297 247 
375 247 
399 247 
411 247 
424 247 
241 117 
241 204 
241 303 
241 333 
241 388 
86 248 
106 248 
129 248 
193 248 
298 248 
375 248 
398 248 
423 248 
242 117 
242 204 
242 286 
242 304 
242 388 
86 249 
106 249 
129 249 
193 249 
298 249 
375 249 
398 249 
243 117 
243 204 
243 285 
243 304 
243 388 
86 250 
95 250 
105 250 
129 250 
193 250 
298 250 
374 250 
398 250 
412 250 
423 250 
244 118 
244 204 
244 304 
244 388 
95 251 
104 251 
129 251 
193 251 
298 251 
373 251 
398 251 
411 251 
423 251 
245 118 
245 204 
245 303 
245 388 
86 252 
95 252 
104 252 
193 252 
298 252 
373 252 
412 252 
424 252 
246 117 
246 204 
246 304 
246 388 
105 253 
129 253 
193 253 
298 253 
373 253 
398 253 
423 253 
247 117 
247 204 
247 304 
247 387 
86 254 
95 254 
127 254 
193 254 
298 254 
372 254 
399 254 
410 254 
423 254 
248 117 
248 304 
248 388 
85 255 
105 255 
127 255 
193 255 
298 255 
351 255 
371 255 
399 255 
410 255 
422 255 
249 117 
249 304 
249 388 
85 256 
94 256 
105 256 
126 256 
193 256 
298 256 
370 256 
398 256 
410 256 
250 118 
250 304 
250 390 
86 257 
95 257 
105 257 
126 257 
193 257 
297 257 
370 257 
399 257 
411 257 
422 257 
251 117 
251 304 
251 389 
95 258 
104 258 
126 258 
193 258 
297 258 
370 258 
398 258 
412 258 
422 258 
252 117 
252 183 
252 304 
252 389 
95 259 
105 259 
125 259 
193 259 
297 259 
370 259 
398 259 
411 259 
422 259 
253 117 
253 192 
253 205 
253 303 
253 388 
85 260 
105 260 
125 260 
193 260 
297 260 
370 260 
398 260 
411 260 
422 260 
254 118 
254 192 
254 205 
254 303 
254 388 
85 261 
94 261 
105 261 
124 261 
194 261 
297 261 
370 261 
399 261 
422 261 
255 118 
255 156 
255 205 
255 303 
255 388 
85 262 
94 262 
104 262 
124 262 
194 262 
297 262 
351 262 
370 262 
398 262 
420 262 
256 118 
256 167 
256 205 
256 303 
256 388 
105 263 
124 263 
194 263 
297 263 
351 263 
370 263 
397 263 
421 263 
257 118 
257 166 
257 206 
257 303 
257 389 
86 264 
96 264 
105 264 
123 264 
194 264 
297 264 
351 264 
370 264 
398 264 
421 264 
258 118 
258 205 
258 303 
258 390 
85 265 
96 265 
105 265 
122 265 
194 265 
297 265 
370 265 
397 265 
409 265 
421 265 
259 206 
259 303 
259 390 
85 266 
96 266 
105 266 
122 266 
195 266 
297 266 
369 266 
397 266 
410 266 
420 266 
260 168 
260 206 
260 302 
260 389 
85 267 
95 267 
105 267 
121 267 
195 267 
297 267 
369 267 
397 267 
410 267 
421 267 
261 207 
261 302 
261 389 
85 268 
95 268 
105 268 
120 268 
195 268 
296 268 
368 268 
398 268 
410 268 
262 119 
262 207 
262 302 
262 388 
86 269 
95 269 
105 269 
119 269 
195 269 
296 269 
368 269 
396 269 
409 269 
421 269 
263 119 
263 207 
263 301 
263 389 
105 270 
118 270 
196 270 
296 270 
368 270 
396 270 
409 270 
421 270 
264 118 
264 207 
264 301 
264 390 
105 271 
117 271 
196 271 
296 271 
368 271 
395 271 
409 271 
421 271 
265 118 
265 208 
265 301 
265 390 
104 272 
117 272 
196 272 
296 272 
368 272 
396 272 
410 272 
421 272 
266 118 
266 209 
266 301 
266 390 
94 273 
116 273 
197 273 
295 273 
368 273 
396 273 
410 273 
420 273 
267 118 
267 209 
267 300 
267 390 
197 274 
295 274 
368 274 
396 274 
409 274 
420 274 
268 118 
268 209 
268 300 
268 390 
86 275 
112 275 
197 275 
295 275 
367 275 
396 275 
409 275 
420 275 
269 119 
269 210 
269 299 
269 389 
87 276 
109 276 
198 276 
294 276 
368 276 
396 276 
420 276 
270 119 
270 210 
270 299 
270 390 
198 277 
294 277 
368 277 
396 277 
408 277 
420 277 
271 119 
271 211 
271 298 
271 390 
105 278 
199 278 
217 278 
293 278 
368 278 
396 278 
409 278 
420 278 
272 120 
272 211 
272 298 
272 390 
104 279 
199 279 
293 279 
368 279 
395 279 
408 279 
420 279 
273 120 
273 212 
273 297 
273 391 
93 280 
104 280 
200 280 
292 280 
368 280 
395 280 
408 280 
420 280 
274 212 
274 297 
274 391 
104 281 
200 281 
292 281 
367 281 
395 281 
408 281 
420 281 
275 119 
275 212 
275 296 
275 390 
104 282 
201 282 
236 282 
291 282 
368 282 
395 282 
408 282 
419 282 
276 27 
276 119 
276 213 
276 296 
276 390 
105 283 
202 283 
240 283 
291 283 
367 283 
394 283 
419 283 
277 119 
277 214 
277 295 
277 391 
85 284 
105 284 
203 284 
241 284 
290 284 
367 284 
394 284 
418 284 
278 120 
278 215 
278 294 
278 391 
87 285 
105 285 
204 285 
241 285 
289 285 
367 285 
394 285 
418 285 
279 26 
279 120 
279 215 
279 294 
279 391 
87 286 
104 286 
205 286 
240 286 
289 286 
367 286 
393 286 
418 286 
280 120 
280 215 
280 293 
280 390 
87 287 
106 287 
205 287 
240 287 
288 287 
367 287 
394 287 
408 287 
418 287 
281 120 
281 216 
281 292 
281 391 
88 288 
106 288 
206 288 
240 288 
287 288 
368 288 
394 288 
406 288 
418 288 
282 120 
282 217 
282 291 
282 391 
90 289 
207 289 
240 289 
284 289 
368 289 
394 289 
407 289 
418 289 
283 120 
283 218 
283 291 
283 391 
92 290 
208 290 
240 290 
284 290 
368 290 
393 290 
406 290 
419 290 
284 120 
284 219 
284 291 
284 391 
105 291 
210 291 
240 291 
283 291 
368 291 
393 291 
406 291 
285 120 
285 220 
285 289 
285 392 
212 292 
240 292 
281 292 
368 292 
392 292 
406 292 
419 292 
286 120 
286 221 
286 289 
286 391 
98 293 
213 293 
239 293 
280 293 
368 293 
392 293 
405 293 
418 293 
287 222 
287 287 
287 391 
88 294 
101 294 
215 294 
239 294 
279 294 
368 294 
392 294 
404 294 
417 294 
288 223 
288 286 
288 391 
87 295 
104 295 
216 295 
239 295 
278 295 
368 295 
393 295 
405 295 
416 295 
289 123 
289 225 
289 286 
289 391 
88 296 
105 296 
217 296 
239 296 
275 296 
368 296 
392 296 
405 296 
416 296 
290 123 
290 227 
290 284 
290 391 
87 297 
105 297 
220 297 
239 297 
274 297 
368 297 
391 297 
404 297 
416 297 
291 230 
291 282 
291 391 
87 298 
106 298 
221 298 
239 298 
271 298 
369 298 
391 298 
404 298 
417 298 
292 231 
292 281 
292 392 
87 299 
224 299 
239 299 
270 299 
369 299 
390 299 
404 299 
416 299 
293 234 
293 278 
293 391 
227 300 
238 300 
267 300 
370 300 
390 300 
404 300 
416 300 
294 235 
294 277 
294 392 
264 301 
370 301 
391 301 
405 301 
416 301 
295 238 
295 274 
295 391 
370 302 
390 302 
402 302 
296 239 
296 391 
88 303 
370 303 
390 303 
402 303 
415 303 
297 391 
88 304 
371 304 
390 304 
416 304 
298 392 
87 305 
371 305 
390 305 
415 305 
299 123 
299 254 
299 391 
87 306 
238 306 
249 306 
372 306 
390 306 
404 306 
416 306 
300 122 
300 253 
300 391 
238 307 
373 307 
389 307 
401 307 
415 307 
301 123 
301 253 
301 391 
88 308 
238 308 
374 308 
388 308 
401 308 
414 308 
302 123 
302 392 
88 309 
237 309 
375 309 
387 309 
401 309 
415 309 
303 124 
303 391 
88 310 
237 310 
377 310 
401 310 
304 124 
304 391 
88 311 
237 311 
401 311 
305 124 
305 391 
89 312 
237 312 
381 312 
401 312 
413 312 
306 124 
306 391 
89 313 
237 313 
385 313 
401 313 
413 313 
307 125 
307 391 
89 314 
237 314 
386 314 
401 314 
413 314 
308 125 
308 391 
88 315 
237 315 
386 315 
401 315 
413 315 
309 125 
309 391 
89 316 
236 316 
386 316 
400 316 
412 316 
310 125 
310 390 
88 317 
385 317 
399 317 
412 317 
311 125 
311 390 
88 318 
385 318 
398 318 
439 318 
312 126 
312 390 
88 319 
238 319 
386 319 
398 319 
412 319 
313 125 
313 390 
90 320 
236 320 
385 320 
400 320 
314 126 
314 390 
90 321 
236 321 
385 321 
400 321 
315 126 
315 390 
90 322 
236 322 
384 322 
401 322 
316 126 
316 390 
90 323 
236 323 
385 323 
400 323 
317 127 
317 390 
90 324 
236 324 
384 324 
400 324 
318 128 
318 390 
91 325 
236 325 
383 325 
399 325 
319 127 
319 390 
91 326 
236 326 
384 326 
408 326 
320 128 
320 390 
90 327 
235 327 
408 327 
321 128 
321 389 
90 328 
235 328 
322 128 
322 389 
91 329 
235 329 
383 329 
323 128 
323 389 
91 330 
235 330 
382 330 
324 128 
324 389 
92 331 
235 331 
383 331 
325 129 
325 389 
93 332 
234 332 
382 332 
326 129 
326 389 
93 333 
235 333 
383 333 
400 333 
327 129 
327 389 
95 334 
234 334 
328 130 
328 389 
96 335 
234 335 
382 335 
329 130 
329 389 
97 336 
234 336 
382 336 
330 130 
330 389 
98 337 
234 337 
383 337 
331 131 
331 389 
101 338 
234 338 
384 338 
406 338 
332 131 
332 388 
102 339 
234 339 
382 339 
405 339 
333 131 
333 389 
104 340 
235 340 
382 340 
403 340 
334 132 
334 388 
106 341 
236 341 
403 341 
335 132 
335 388 
107 342 
336 132 
336 388 
109 343 
403 343 
337 133 
337 388 
111 344 
233 344 
402 344 
338 133 
338 388 
112 345 
233 345 
402 345 
339 133 
339 387 
114 346 
233 346 
402 346 
340 134 
340 387 
116 347 
233 347 
401 347 
341 134 
341 387 
117 348 
233 348 
401 348 
342 134 
342 387 
118 349 
233 349 
401 349 
343 134 
343 387 
121 350 
232 350 
400 350 
344 135 
344 387 
122 351 
232 351 
400 351 
345 136 
345 387 
124 352 
232 352 
398 352 
346 136 
346 387 
126 353 
190 353 
233 353 
398 353 
347 135 
347 386 
128 354 
232 354 
398 354 
348 136 
348 386 
130 355 
232 355 
398 355 
349 136 
349 385 
133 356 
232 356 
398 356 
350 136 
350 385 
134 357 
232 357 
398 357 
351 137 
351 253 
351 385 
137 358 
232 358 
396 358 
352 137 
352 385 
140 359 
232 359 
396 359 
353 137 
353 385 
141 360 
159 360 
231 360 
395 360 
354 138 
354 384 
144 361 
231 361 
394 361 
355 139 
355 384 
147 362 
231 362 
356 138 
356 384 
150 363 
231 363 
357 139 
357 384 
153 364 
231 364 
358 139 
358 383 
154 365 
231 365 
394 365 
359 139 
359 249 
359 383 
159 366 
230 366 
394 366 
360 140 
360 382 
160 367 
231 367 
392 367 
361 140 
361 383 
163 368 
230 368 
392 368 
362 140 
362 383 
166 369 
230 369 
392 369 
363 141 
363 382 
169 370 
230 370 
391 370 
364 141 
364 382 
172 371 
229 371 
390 371 
365 142 
365 285 
365 381 
175 372 
230 372 
390 372 
366 142 
366 288 
366 381 
178 373 
230 373 
390 373 
367 142 
367 381 
181 374 
229 374 
390 374 
368 144 
368 381 
183 375 
229 375 
389 375 
369 144 
369 300 
369 382 
185 376 
229 376 
387 376 
370 145 
370 303 
370 381 
188 377 
229 377 
386 377 
371 145 
371 305 
371 380 
191 378 
229 378 
385 378 
372 146 
372 253 
372 306 
372 382 
196 379 
229 379 
380 379 
373 146 
373 252 
373 307 
373 382 
199 380 
229 380 
373 380 
374 147 
374 250 
374 308 
374 381 
204 381 
229 381 
368 381 
375 147 
375 248 
375 309 
375 381 
207 382 
228 382 
365 382 
376 147 
376 246 
376 310 
376 380 
229 383 
359 383 
377 147 
377 245 
377 311 
377 379 
219 384 
355 384 
378 148 
378 244 
378 311 
378 380 
350 385 
379 148 
379 243 
379 312 
379 379 
380 149 
380 241 
380 312 
380 334 
380 379 
381 149 
381 240 
381 312 
381 334 
381 378 
382 150 
382 239 
382 312 
382 334 
382 378 
383 150 
383 238 
383 312 
383 334 
383 379 
313 390 
384 151 
384 237 
384 312 
384 323 
384 334 
384 378 
385 151 
385 236 
385 312 
385 322 
385 335 
385 378 
386 152 
386 236 
386 335 
386 378 
387 152 
387 235 
387 313 
387 335 
387 377 
388 153 
388 235 
388 311 
388 334 
388 377 
389 153 
389 234 
389 306 
389 334 
389 375 
390 154 
390 234 
390 279 
390 303 
390 334 
390 372 
391 154 
391 233 
391 300 
391 334 
391 370 
392 154 
392 233 
392 295 
392 334 
392 369 
393 156 
393 233 
393 292 
393 333 
393 367 
394 156 
394 232 
394 287 
394 333 
394 363 
395 156 
395 233 
395 280 
395 313 
395 334 
395 362 
396 156 
396 232 
396 275 
396 334 
396 359 
397 156 
397 232 
397 268 
397 323 
397 334 
397 357 
398 158 
398 232 
398 322 
398 334 
398 355 
399 158 
399 213 
399 233 
399 321 
399 334 
399 352 
400 158 
400 211 
400 315 
400 334 
400 350 
401 159 
401 212 
401 311 
401 323 
401 333 
401 347 
402 160 
402 211 
402 309 
402 323 
402 333 
402 344 
403 161 
403 211 
403 304 
403 323 
403 333 
403 343 
404 160 
404 212 
404 300 
404 323 
404 340 
405 160 
405 213 
405 296 
405 323 
405 338 
406 160 
406 213 
406 289 
406 322 
406 334 
407 161 
407 213 
407 288 
407 323 
407 332 
408 162 
408 214 
408 289 
409 163 
409 214 
409 273 
409 324 
410 163 
410 214 
410 257 
410 322 
411 163 
411 215 
411 321 
412 164 
412 215 
412 271 
412 317 
413 165 
413 216 
413 227 
413 314 
414 165 
414 216 
414 227 
414 307 
415 165 
415 216 
415 226 
415 305 
416 166 
416 217 
416 228 
416 301 
417 169 
417 217 
417 228 
417 295 
418 173 
418 218 
418 228 
419 174 
419 219 
419 228 
419 284 
420 218 
420 229 
421 218 
421 229 
421 268 
422 228 
422 252 
423 296 
427 236 
