60 0 
69 0 
139 0 
154 0 
171 0 
308 0 
412 0 
439 0 
474 0 
32 1 
68 1 
90 2 
133 2 
160 3 
277 5 
316 5 
355 6 
419 7 
9 0 
18 1 
31 1 
69 2 
118 4 
363 12 
423 14 
18 1 
31 2 
52 3 
67 3 
89 5 
117 6 
136 7 
18 1 
30 2 
56 4 
68 5 
89 6 
311 21 
409 28 
457 31 
20 2 
289 25 
392 34 
19 2 
214 22 
252 26 
286 30 
432 45 
19 2 
91 11 
109 13 
123 15 
222 27 
242 29 
294 36 
408 49 
442 53 
121 17 
203 28 
219 31 
418 58 
59 9 
194 31 
289 46 
433 69 
457 72 
467 74 
58 10 
82 14 
188 33 
426 75 
469 82 
179 35 
225 44 
270 52 
321 62 
342 66 
439 85 
463 90 
94 20 
109 23 
178 38 
288 61 
316 67 
453 96 
19 4 
85 19 
175 40 
221 51 
270 62 
287 66 
452 104 
174 43 
219 54 
269 67 
288 71 
461 114 
268 71 
37 11 
427 130 
388 126 
439 142 
180 62 
419 153 
440 160 
451 164 
168 65 
132 53 
146 59 
168 68 
167 71 
365 155 
374 159 
431 183 
307 137 
408 182 
431 192 
409 191 
431 201 
74 36 
258 126 
411 200 
74 38 
152 77 
330 168 
411 209 
153 81 
246 131 
312 166 
326 173 
411 218 
307 170 
217 125 
240 138 
251 144 
318 183 
388 223 
412 237 
210 126 
218 131 
240 144 
251 151 
314 189 
391 235 
401 241 
414 249 
203 126 
244 152 
310 193 
387 241 
400 249 
413 257 
53 34 
198 129 
217 141 
270 175 
353 229 
376 244 
389 253 
400 260 
268 181 
304 205 
370 249 
389 262 
399 269 
35 24 
103 72 
223 156 
300 210 
313 219 
353 247 
365 255 
387 271 
155 112 
223 162 
256 186 
270 196 
324 235 
361 262 
387 281 
99 74 
183 138 
224 168 
270 203 
293 220 
315 237 
329 247 
360 271 
385 289 
56 44 
225 175 
269 210 
358 279 
382 298 
182 147 
226 183 
279 226 
357 289 
147 123 
228 191 
242 203 
256 215 
278 233 
358 300 
141 123 
164 143 
182 158 
219 191 
231 201 
285 248 
346 301 
138 124 
160 144 
180 162 
216 194 
231 208 
244 220 
288 259 
95 88 
139 129 
158 147 
228 212 
267 249 
287 267 
94 91 
139 134 
221 214 
239 231 
286 276 
93 93 
157 157 
215 215 
232 232 
265 265 
284 284 
322 322 
91 94 
150 155 
162 168 
211 218 
224 232 
236 244 
254 263 
282 292 
89 96 
206 221 
228 245 
252 271 
277 297 
303 325 
315 338 
124 138 
168 187 
212 236 
222 247 
271 301 
78 90 
93 107 
121 139 
191 219 
265 305 
77 92 
130 155 
156 186 
184 219 
217 259 
225 268 
259 309 
75 93 
126 156 
181 224 
205 253 
219 271 
252 311 
74 95 
188 241 
231 297 
244 313 
114 151 
149 198 
186 247 
217 289 
229 305 
235 312 
71 98 
144 199 
184 254 
227 313 
183 261 
217 310 
227 324 
113 168 
184 273 
204 303 
226 335 
270 400 
122 188 
188 290 
224 345 
259 399 
85 137 
141 226 
148 237 
223 358 
248 398 
86 143 
96 160 
222 370 
238 397 
63 109 
75 130 
94 163 
220 381 
229 397 
93 168 
106 191 
218 393 
60 113 
81 152 
91 172 
102 193 
117 221 
209 393 
58 114 
90 178 
98 192 
103 202 
199 391 
217 428 
57 116 
77 158 
89 182 
94 193 
119 245 
190 389 
75 162 
100 215 
119 256 
180 387 
75 168 
86 194 
91 205 
99 222 
118 265 
171 383 
73 173 
90 213 
98 230 
114 270 
162 381 
71 176 
83 205 
90 222 
97 239 
111 276 
152 377 
81 212 
88 229 
96 249 
108 280 
144 374 
68 187 
79 218 
94 259 
104 284 
135 371 
78 228 
85 249 
94 273 
98 285 
126 367 
43 132 
77 238 
85 263 
95 292 
118 364 
21 70 
76 250 
84 276 
93 305 
110 359 
139 455 
39 136 
75 263 
83 289 
86 302 
101 354 
113 395 
80 298 
93 349 
103 386 
86 345 
94 379 
102 412 
34 147 
87 375 
94 445 
35 184 
32 184 
29 182 
61 387 
11 76 
53 381 
21 169 
43 352 
18 173 
19 183 
16 185 
19 213 
26 304 
28 319 
13 192 
22 312 
24 337 
10 201 
14 282 
9 277 
11 310 
4 254 
0 68 
0 130 
0 231 
0 263 
0 397 
0 40 
51 0 
18 1 
31 1 
68 1 
167 1 
357 1 
1 30 
1 230 
1 241 
1 252 
1 415 
19 2 
30 2 
69 2 
90 2 
133 2 
206 2 
286 2 
305 2 
315 2 
357 2 
365 2 
2 119 
2 255 
2 445 
2 455 
19 3 
145 3 
160 3 
251 3 
305 3 
323 3 
345 3 
365 3 
3 253 
3 299 
56 4 
69 4 
118 4 
135 4 
160 4 
369 4 
4 254 
4 300 
32 5 
68 5 
89 5 
109 5 
118 5 
277 5 
316 5 
450 5 
23 6 
89 6 
117 6 
151 6 
238 6 
328 6 
355 6 
391 6 
450 6 
6 97 
6 248 
6 282 
66 7 
136 7 
328 7 
356 7 
419 7 
69 8 
134 8 
227 8 
256 8 
272 8 
8 318 
162 9 
246 9 
303 9 
389 9 
401 9 
9 277 
9 320 
25 10 
37 10 
50 10 
59 10 
74 10 
159 10 
246 10 
404 10 
444 10 
10 201 
39 11 
80 11 
91 11 
107 11 
128 11 
453 11 
107 12 
363 12 
406 12 
455 12 
12 192 
23 13 
48 13 
342 13 
13 192 
13 220 
84 14 
123 14 
229 14 
247 14 
268 14 
423 14 
461 14 
14 188 
14 282 
26 15 
68 15 
123 15 
268 15 
349 15 
462 15 
15 187 
48 16 
59 16 
124 16 
156 16 
318 16 
347 16 
373 16 
394 16 
16 185 
7 17 
23 17 
32 17 
121 17 
220 17 
290 17 
338 17 
373 17 
395 17 
413 17 
17 185 
38 18 
83 18 
120 18 
221 18 
417 18 
18 173 
18 183 
18 212 
20 19 
273 19 
355 19 
19 173 
19 213 
34 20 
45 20 
65 20 
94 20 
263 20 
364 20 
440 20 
462 20 
20 170 
20 213 
34 21 
45 21 
95 21 
109 21 
241 21 
298 21 
409 21 
21 168 
21 178 
21 312 
21 357 
7 22 
33 22 
109 22 
203 22 
213 22 
289 22 
298 22 
363 22 
393 22 
413 22 
450 22 
465 22 
22 312 
7 23 
152 23 
232 23 
363 23 
392 23 
414 23 
23 67 
23 303 
54 24 
80 24 
167 24 
362 24 
381 24 
413 24 
24 303 
24 337 
79 25 
167 25 
223 25 
235 25 
246 25 
289 25 
381 25 
414 25 
25 303 
25 26 
79 26 
103 26 
223 26 
252 26 
289 26 
320 26 
370 26 
381 26 
443 26 
460 26 
26 167 
26 304 
24 27 
85 27 
103 27 
204 27 
222 27 
252 27 
368 27 
386 27 
410 27 
426 27 
443 27 
27 292 
27 303 
24 28 
42 28 
85 28 
98 28 
203 28 
224 28 
274 28 
289 28 
385 28 
409 28 
28 153 
28 166 
28 181 
28 291 
28 304 
28 319 
26 29 
85 29 
159 29 
177 29 
203 29 
372 29 
382 29 
455 29 
29 152 
29 182 
29 319 
52 30 
77 30 
194 30 
219 30 
242 30 
285 30 
382 30 
30 148 
30 182 
30 320 
77 31 
97 31 
192 31 
219 31 
287 31 
373 31 
383 31 
410 31 
420 31 
438 31 
31 149 
31 182 
80 32 
96 32 
188 32 
291 32 
392 32 
32 149 
32 183 
60 33 
81 33 
187 33 
294 33 
391 33 
462 33 
33 149 
33 183 
44 34 
53 34 
179 34 
240 34 
294 34 
381 34 
406 34 
430 34 
34 184 
6 35 
29 35 
44 35 
92 35 
179 35 
188 35 
244 35 
294 35 
381 35 
451 35 
35 184 
73 36 
175 36 
210 36 
244 36 
268 36 
294 36 
403 36 
428 36 
437 36 
454 36 
36 140 
36 183 
73 37 
268 37 
416 37 
37 182 
46 38 
74 38 
178 38 
304 38 
38 184 
22 39 
77 39 
174 39 
228 39 
293 39 
307 39 
411 39 
440 39 
39 136 
39 185 
55 40 
174 40 
293 40 
310 40 
40 136 
40 353 
10 41 
77 41 
174 41 
292 41 
310 41 
419 41 
443 41 
41 352 
10 42 
34 42 
77 42 
174 42 
293 42 
433 42 
42 132 
42 352 
36 43 
46 43 
57 43 
75 43 
224 43 
43 130 
43 330 
43 352 
224 44 
293 44 
44 130 
44 352 
318 45 
432 45 
45 130 
45 333 
65 46 
436 46 
464 46 
289 47 
291 48 
48 351 
295 49 
332 49 
49 331 
49 350 
49 380 
332 50 
220 51 
300 51 
313 51 
331 51 
51 383 
220 52 
303 52 
312 52 
331 52 
52 382 
220 53 
53 381 
53 392 
53 403 
130 54 
220 54 
328 54 
54 382 
54 406 
129 55 
174 55 
220 55 
329 55 
55 382 
55 405 
128 56 
174 56 
220 56 
329 56 
338 56 
351 56 
125 57 
171 57 
219 57 
288 57 
339 57 
351 57 
57 115 
57 386 
125 58 
219 58 
286 58 
323 58 
58 115 
58 386 
122 59 
149 59 
219 59 
287 59 
323 59 
334 59 
355 59 
59 113 
59 386 
121 60 
146 60 
164 60 
180 60 
287 60 
336 60 
60 113 
60 385 
119 61 
148 61 
220 61 
287 61 
321 61 
358 61 
61 386 
16 62 
321 62 
361 62 
62 277 
62 386 
48 63 
116 63 
219 63 
267 63 
280 63 
288 63 
321 63 
361 63 
47 64 
149 64 
190 64 
205 64 
218 64 
321 64 
421 64 
64 105 
114 65 
149 65 
205 65 
219 65 
321 65 
330 65 
342 65 
65 104 
41 66 
111 66 
149 66 
219 66 
269 66 
288 66 
302 66 
332 66 
342 66 
66 285 
168 67 
305 67 
316 67 
341 67 
24 68 
40 68 
108 68 
168 68 
217 68 
314 68 
340 68 
370 68 
168 69 
288 69 
314 69 
372 69 
69 100 
20 70 
28 70 
168 70 
216 70 
224 70 
288 70 
314 70 
20 71 
103 71 
169 71 
190 71 
216 71 
288 71 
313 71 
340 71 
19 73 
28 73 
99 73 
456 73 
466 73 
73 203 
73 259 
28 74 
98 74 
456 74 
74 93 
97 75 
131 75 
457 75 
96 76 
103 76 
458 76 
95 77 
77 287 
152 78 
78 121 
78 141 
78 287 
78 298 
79 88 
79 122 
79 143 
79 223 
79 288 
79 298 
79 325 
80 88 
80 124 
80 289 
80 299 
81 89 
81 106 
81 123 
81 151 
81 213 
81 289 
81 300 
81 339 
153 82 
82 106 
82 150 
82 289 
82 300 
82 340 
82 372 
88 83 
153 83 
466 83 
83 87 
83 148 
83 204 
83 289 
83 300 
83 343 
83 374 
21 84 
454 84 
84 86 
84 147 
84 204 
84 301 
84 343 
84 374 
85 85 
94 85 
85 301 
85 344 
85 374 
82 86 
94 86 
86 204 
86 301 
86 345 
86 375 
81 87 
94 87 
463 87 
87 205 
87 264 
87 302 
87 346 
87 375 
79 88 
94 88 
88 195 
88 205 
88 303 
88 347 
88 376 
88 442 
79 89 
93 89 
463 89 
89 180 
89 194 
89 204 
89 222 
89 303 
89 347 
89 376 
89 443 
77 90 
92 90 
90 178 
90 194 
90 252 
90 303 
90 347 
90 376 
90 442 
76 91 
91 174 
91 194 
91 304 
91 348 
91 377 
91 443 
75 92 
92 92 
92 170 
92 193 
92 206 
92 305 
92 349 
92 378 
92 444 
89 93 
93 168 
93 194 
93 305 
93 349 
93 379 
93 445 
89 94 
94 165 
94 193 
94 304 
94 350 
94 380 
94 445 
95 162 
95 193 
95 304 
95 350 
95 380 
75 96 
89 96 
96 76 
96 160 
96 193 
96 285 
96 304 
96 351 
96 381 
71 97 
88 97 
97 157 
97 192 
97 285 
97 352 
97 382 
70 98 
98 192 
98 285 
98 353 
98 382 
69 99 
88 99 
99 150 
99 192 
99 285 
99 352 
99 383 
67 100 
88 100 
100 137 
100 192 
100 285 
100 353 
100 384 
100 449 
67 101 
89 101 
101 137 
101 192 
101 285 
101 354 
101 385 
67 102 
90 102 
102 137 
102 192 
102 285 
102 355 
102 386 
102 412 
91 103 
103 193 
103 202 
103 214 
103 284 
103 355 
103 386 
103 414 
104 108 
104 192 
104 215 
104 283 
104 356 
104 387 
104 414 
65 105 
105 150 
105 192 
105 214 
105 283 
105 356 
105 388 
105 414 
65 106 
412 106 
106 150 
106 192 
106 215 
106 282 
106 357 
106 388 
106 442 
63 107 
107 194 
107 215 
107 281 
107 358 
107 389 
62 108 
108 216 
108 280 
108 358 
108 390 
108 424 
91 109 
155 109 
109 216 
109 279 
109 358 
109 390 
109 424 
90 110 
155 110 
110 148 
110 217 
110 278 
110 359 
110 392 
110 444 
155 111 
111 139 
111 150 
111 169 
111 219 
111 276 
111 360 
111 395 
111 423 
94 112 
154 112 
411 112 
112 66 
112 150 
112 168 
112 220 
112 253 
112 274 
112 361 
112 396 
112 424 
112 444 
154 113 
411 113 
113 66 
113 150 
113 184 
113 221 
113 273 
113 361 
113 425 
73 114 
91 114 
152 114 
413 114 
114 151 
114 181 
114 196 
114 224 
114 270 
114 361 
114 395 
73 115 
91 115 
415 115 
115 63 
115 154 
115 194 
115 225 
115 269 
115 361 
115 396 
56 116 
73 116 
146 116 
415 116 
116 63 
116 154 
116 228 
116 245 
116 266 
116 363 
116 394 
73 117 
416 117 
117 63 
117 153 
117 231 
117 244 
117 265 
117 363 
418 118 
118 117 
118 151 
118 234 
118 244 
118 364 
419 119 
119 233 
119 349 
119 364 
151 120 
120 117 
120 154 
120 365 
94 121 
421 121 
121 137 
121 155 
121 185 
121 249 
121 365 
94 122 
421 122 
122 119 
122 154 
122 249 
122 366 
93 123 
421 123 
123 122 
123 138 
123 153 
123 366 
92 124 
421 124 
124 122 
124 138 
124 154 
124 367 
212 125 
388 125 
125 122 
125 138 
125 155 
125 177 
125 366 
125 399 
133 126 
212 126 
425 126 
126 120 
126 138 
126 155 
126 367 
126 401 
199 127 
127 140 
127 157 
127 214 
127 255 
127 367 
127 454 
44 128 
179 128 
198 128 
217 128 
244 128 
318 128 
426 128 
128 140 
128 157 
128 256 
128 367 
128 455 
137 129 
198 129 
219 129 
392 129 
428 129 
129 157 
129 230 
129 276 
129 368 
129 404 
138 130 
218 130 
261 130 
427 130 
130 123 
130 157 
130 276 
130 369 
139 131 
198 131 
218 131 
329 131 
131 54 
131 128 
131 273 
131 370 
44 132 
91 132 
139 132 
159 132 
218 132 
387 132 
132 127 
132 160 
132 371 
140 133 
181 133 
218 133 
294 133 
390 133 
431 133 
133 127 
133 270 
133 281 
133 370 
133 458 
71 134 
141 134 
181 134 
218 134 
432 134 
134 127 
134 159 
134 227 
134 371 
134 456 
39 135 
140 135 
181 135 
294 135 
135 265 
135 371 
135 456 
123 136 
140 136 
181 136 
136 129 
136 372 
136 457 
123 137 
140 137 
161 137 
181 137 
201 137 
219 137 
307 137 
401 137 
433 137 
137 130 
137 233 
137 372 
137 457 
38 138 
76 138 
140 138 
149 138 
161 138 
181 138 
138 216 
138 372 
138 456 
37 139 
76 139 
126 139 
141 139 
150 139 
182 139 
139 215 
139 265 
139 372 
139 456 
92 140 
126 140 
142 140 
151 140 
140 164 
140 302 
140 333 
140 373 
93 141 
160 141 
298 141 
141 134 
141 373 
141 428 
128 142 
160 142 
218 142 
142 134 
142 162 
142 373 
37 143 
87 143 
161 143 
143 134 
143 163 
143 179 
143 357 
143 374 
161 144 
217 144 
238 144 
289 144 
413 144 
144 134 
144 165 
144 374 
36 145 
109 145 
161 145 
413 145 
145 134 
145 164 
145 197 
145 303 
145 375 
130 146 
161 146 
146 135 
146 197 
146 303 
146 325 
146 375 
146 413 
73 147 
160 147 
176 147 
288 147 
413 147 
147 136 
147 166 
147 289 
147 305 
147 324 
147 375 
72 148 
83 148 
110 148 
159 148 
175 148 
148 138 
148 324 
148 375 
72 149 
83 149 
160 149 
176 149 
149 138 
149 221 
149 324 
149 376 
149 413 
82 150 
113 150 
160 150 
150 122 
150 139 
150 167 
150 194 
150 324 
150 377 
95 151 
151 56 
151 140 
151 237 
151 301 
151 377 
69 152 
81 152 
96 152 
361 152 
419 152 
152 56 
152 122 
152 167 
152 376 
152 414 
70 153 
80 153 
99 153 
123 153 
223 153 
361 153 
422 153 
153 53 
153 82 
153 327 
153 377 
69 154 
122 154 
223 154 
361 154 
421 154 
154 143 
154 377 
181 155 
363 155 
422 155 
155 89 
155 143 
155 168 
155 213 
155 299 
155 378 
31 156 
66 156 
97 156 
127 156 
223 156 
365 156 
156 144 
156 377 
30 157 
96 157 
127 157 
179 157 
223 157 
368 157 
423 157 
157 145 
157 157 
157 282 
157 379 
29 158 
78 158 
96 158 
129 158 
224 158 
370 158 
423 158 
158 146 
158 379 
158 414 
78 159 
96 159 
129 159 
182 159 
224 159 
373 159 
424 159 
159 144 
159 174 
159 379 
159 412 
28 160 
77 160 
97 160 
224 160 
374 160 
160 145 
160 414 
28 161 
76 161 
96 161 
131 161 
224 161 
375 161 
423 161 
440 161 
161 145 
161 171 
161 187 
161 380 
77 162 
95 162 
131 162 
224 162 
379 162 
423 162 
439 162 
449 162 
162 144 
162 381 
162 418 
63 163 
75 163 
94 163 
183 163 
224 163 
380 163 
437 163 
449 163 
163 170 
163 291 
163 381 
163 418 
74 164 
94 164 
183 164 
258 164 
268 164 
383 164 
164 145 
164 381 
73 165 
94 165 
115 165 
184 165 
268 165 
329 165 
384 165 
425 165 
165 145 
165 223 
165 381 
93 166 
184 166 
201 166 
224 166 
329 166 
386 166 
427 166 
166 381 
74 167 
92 167 
111 167 
184 167 
224 167 
330 167 
388 167 
426 167 
167 382 
167 418 
93 168 
111 168 
204 168 
224 168 
330 168 
391 168 
168 66 
168 189 
168 383 
168 418 
74 169 
93 169 
110 169 
132 169 
150 169 
224 169 
329 169 
392 169 
426 169 
169 383 
169 418 
71 170 
93 170 
149 170 
223 170 
327 170 
395 170 
170 383 
92 171 
133 171 
149 171 
224 171 
397 171 
425 171 
171 306 
171 384 
92 172 
135 172 
152 172 
176 172 
224 172 
386 172 
399 172 
172 147 
172 171 
172 383 
71 173 
92 173 
175 173 
184 173 
225 173 
267 173 
400 173 
427 173 
173 146 
173 385 
72 174 
90 174 
139 174 
155 174 
225 174 
324 174 
348 174 
403 174 
174 147 
174 172 
174 385 
123 175 
225 175 
404 175 
175 63 
175 339 
175 385 
21 176 
91 176 
226 176 
269 176 
406 176 
454 176 
176 64 
176 385 
21 177 
70 177 
90 177 
225 177 
406 177 
177 337 
177 386 
21 178 
67 178 
89 178 
225 178 
321 178 
369 178 
408 178 
178 153 
178 386 
20 179 
68 179 
89 179 
225 179 
322 179 
408 179 
430 179 
179 155 
179 386 
18 180 
89 180 
226 180 
356 180 
386 180 
408 180 
180 62 
180 220 
180 363 
180 387 
19 181 
89 181 
109 181 
124 181 
226 181 
408 181 
429 181 
181 219 
181 241 
181 265 
181 363 
181 388 
88 182 
227 182 
319 182 
409 182 
430 182 
182 52 
182 62 
182 220 
182 266 
182 388 
88 183 
123 183 
226 183 
408 183 
183 52 
183 61 
183 219 
183 388 
88 184 
122 184 
153 184 
226 184 
409 184 
184 52 
184 61 
184 220 
184 388 
88 185 
226 185 
409 185 
185 61 
185 220 
185 249 
185 277 
185 389 
88 186 
110 186 
227 186 
317 186 
409 186 
431 186 
186 60 
186 142 
186 220 
186 248 
186 280 
186 389 
88 187 
227 187 
316 187 
410 187 
187 34 
187 156 
187 220 
187 243 
187 283 
187 389 
87 188 
106 188 
227 188 
316 188 
410 188 
188 220 
188 241 
188 286 
188 389 
87 189 
106 189 
227 189 
314 189 
410 189 
434 189 
189 221 
189 240 
189 287 
189 389 
87 190 
105 190 
167 190 
228 190 
314 190 
410 190 
434 190 
190 224 
190 239 
190 290 
190 389 
86 191 
167 191 
249 191 
313 191 
410 191 
191 200 
191 236 
191 291 
191 390 
247 192 
409 192 
432 192 
192 138 
192 222 
192 236 
192 265 
192 292 
192 390 
104 193 
150 193 
229 193 
246 193 
410 193 
193 32 
193 137 
193 156 
193 224 
193 266 
193 293 
193 390 
90 194 
105 194 
245 194 
410 194 
194 138 
194 225 
194 267 
194 277 
194 294 
194 391 
87 195 
105 195 
166 195 
229 195 
308 195 
410 195 
432 195 
195 33 
195 128 
195 139 
195 270 
195 277 
195 295 
195 391 
87 196 
105 196 
146 196 
271 196 
411 196 
196 127 
196 277 
196 296 
196 391 
85 197 
167 197 
230 197 
320 197 
410 197 
432 197 
197 128 
197 262 
197 270 
197 278 
197 297 
197 391 
85 198 
166 198 
433 198 
198 127 
198 261 
198 279 
198 298 
198 392 
84 199 
103 199 
411 199 
434 199 
199 31 
199 127 
199 259 
199 280 
199 299 
199 392 
10 200 
84 200 
104 200 
191 200 
386 200 
410 200 
434 200 
200 127 
200 262 
200 300 
200 392 
13 201 
84 201 
102 201 
304 201 
332 201 
411 201 
434 201 
201 127 
201 157 
201 216 
201 264 
201 281 
201 301 
201 392 
84 202 
103 202 
332 202 
411 202 
433 202 
202 127 
202 260 
202 281 
202 302 
202 392 
102 203 
231 203 
241 203 
411 203 
433 203 
203 127 
203 137 
203 167 
203 254 
203 282 
203 302 
203 393 
89 204 
102 204 
231 204 
241 204 
411 204 
204 127 
204 221 
204 253 
204 262 
204 282 
204 303 
204 393 
102 205 
231 205 
240 205 
411 205 
205 127 
205 220 
205 252 
205 262 
205 283 
205 303 
205 392 
102 206 
231 206 
241 206 
411 206 
206 126 
206 220 
206 252 
206 304 
206 393 
82 207 
90 207 
102 207 
231 207 
240 207 
412 207 
207 66 
207 126 
207 219 
207 253 
207 284 
207 305 
207 393 
8 208 
82 208 
91 208 
101 208 
150 208 
231 208 
240 208 
411 208 
208 31 
208 127 
208 219 
208 252 
208 285 
208 305 
208 393 
8 209 
81 209 
91 209 
100 209 
231 209 
240 209 
272 209 
412 209 
209 126 
209 150 
209 218 
209 234 
209 245 
209 306 
209 394 
8 210 
17 210 
81 210 
91 210 
101 210 
231 210 
240 210 
411 210 
210 125 
210 217 
210 233 
210 245 
210 306 
210 393 
7 211 
82 211 
101 211 
226 211 
240 211 
412 211 
211 125 
211 217 
211 232 
211 286 
211 307 
211 335 
211 394 
7 212 
82 212 
90 212 
101 212 
222 212 
244 212 
294 212 
412 212 
212 125 
212 216 
212 262 
212 287 
212 307 
212 320 
212 394 
212 430 
7 213 
81 213 
90 213 
101 213 
223 213 
245 213 
410 213 
213 125 
213 216 
213 249 
213 262 
213 308 
213 394 
8 214 
80 214 
90 214 
104 214 
166 214 
222 214 
250 214 
410 214 
214 126 
214 239 
214 249 
214 287 
214 308 
214 341 
214 395 
80 215 
90 215 
107 215 
219 215 
252 215 
294 215 
327 215 
410 215 
215 126 
215 160 
215 178 
215 215 
215 240 
215 249 
215 288 
215 309 
215 395 
80 216 
89 216 
214 216 
231 216 
216 126 
216 194 
216 215 
216 249 
216 289 
216 309 
216 395 
80 217 
89 217 
100 217 
109 217 
130 217 
183 217 
211 217 
293 217 
390 217 
217 194 
217 215 
217 290 
217 310 
217 393 
80 218 
89 218 
99 218 
110 218 
183 218 
209 218 
232 218 
292 218 
390 218 
411 218 
218 191 
218 290 
218 310 
218 393 
218 428 
9 219 
80 219 
90 219 
100 219 
112 219 
183 219 
207 219 
231 219 
292 219 
391 219 
412 219 
219 190 
219 214 
219 266 
219 291 
219 310 
78 220 
89 220 
99 220 
112 220 
184 220 
207 220 
232 220 
293 220 
391 220 
412 220 
220 214 
220 255 
220 311 
79 221 
89 221 
99 221 
112 221 
184 221 
206 221 
293 221 
397 221 
413 221 
221 27 
221 139 
221 155 
221 213 
221 292 
221 311 
221 333 
221 429 
79 222 
88 222 
99 222 
113 222 
183 222 
206 222 
293 222 
389 222 
398 222 
413 222 
222 27 
222 156 
222 213 
222 251 
222 273 
222 292 
222 311 
222 345 
222 368 
222 395 
78 223 
88 223 
99 223 
115 223 
206 223 
269 223 
293 223 
390 223 
399 223 
413 223 
223 214 
223 267 
223 274 
223 312 
223 345 
223 395 
6 224 
78 224 
88 224 
99 224 
115 224 
270 224 
292 224 
390 224 
403 224 
224 213 
224 267 
224 275 
224 294 
224 311 
224 356 
224 396 
79 225 
88 225 
98 225 
115 225 
191 225 
270 225 
291 225 
405 225 
225 46 
225 213 
225 276 
225 294 
225 312 
225 323 
225 356 
225 396 
225 411 
79 226 
88 226 
98 226 
116 226 
190 226 
272 226 
407 226 
226 213 
226 232 
226 277 
226 295 
226 312 
226 322 
226 334 
226 356 
226 396 
79 227 
88 227 
98 227 
116 227 
273 227 
383 227 
410 227 
227 213 
227 246 
227 278 
227 296 
227 333 
227 396 
79 228 
88 228 
98 228 
116 228 
274 228 
389 228 
411 228 
228 54 
228 213 
228 396 
78 229 
88 229 
98 229 
116 229 
182 229 
275 229 
390 229 
412 229 
229 311 
229 342 
229 396 
78 230 
87 230 
98 230 
117 230 
229 230 
237 230 
276 230 
391 230 
412 230 
433 230 
230 245 
230 279 
230 302 
230 342 
230 396 
78 231 
87 231 
98 231 
117 231 
227 231 
277 231 
391 231 
231 244 
231 301 
231 312 
231 397 
231 430 
78 232 
87 232 
97 232 
117 232 
164 232 
226 232 
278 232 
391 232 
232 233 
232 244 
232 298 
232 313 
232 347 
232 364 
232 397 
232 428 
78 233 
87 233 
97 233 
118 233 
226 233 
245 233 
279 233 
298 233 
391 233 
402 233 
233 209 
233 233 
233 245 
233 280 
233 313 
233 365 
233 397 
79 234 
88 234 
97 234 
118 234 
232 234 
279 234 
403 234 
413 234 
234 179 
234 208 
234 233 
234 279 
234 313 
234 397 
78 235 
87 235 
97 235 
118 235 
138 235 
253 235 
280 235 
298 235 
390 235 
403 235 
235 210 
235 232 
235 245 
235 278 
235 313 
235 324 
235 397 
78 236 
88 236 
97 236 
118 236 
190 236 
280 236 
334 236 
390 236 
406 236 
236 210 
236 231 
236 245 
236 279 
236 313 
236 324 
236 397 
77 237 
86 237 
97 237 
117 237 
190 237 
213 237 
253 237 
281 237 
315 237 
390 237 
410 237 
237 180 
237 193 
237 210 
237 221 
237 230 
237 245 
237 279 
237 313 
237 397 
77 238 
97 238 
189 238 
214 238 
281 238 
389 238 
402 238 
411 238 
238 193 
238 210 
238 222 
238 231 
238 244 
238 313 
238 398 
77 239 
97 239 
189 239 
281 239 
388 239 
412 239 
239 210 
239 222 
239 231 
239 313 
239 324 
239 397 
239 413 
77 240 
97 240 
120 240 
188 240 
282 240 
387 240 
402 240 
413 240 
240 221 
240 231 
240 281 
240 293 
240 313 
240 397 
77 241 
87 241 
97 241 
120 241 
188 241 
282 241 
386 241 
401 241 
413 241 
241 188 
241 206 
241 231 
241 244 
241 294 
241 313 
241 397 
241 435 
77 242 
86 242 
96 242 
119 242 
187 242 
283 242 
380 242 
401 242 
412 242 
242 29 
242 189 
242 204 
242 279 
242 292 
242 313 
242 386 
242 398 
76 243 
86 243 
96 243 
119 243 
187 243 
283 243 
377 243 
413 243 
243 28 
243 152 
243 170 
243 203 
243 212 
243 234 
243 246 
243 278 
243 313 
243 398 
76 244 
85 244 
96 244 
119 244 
187 244 
209 244 
224 244 
284 244 
376 244 
389 244 
401 244 
244 192 
244 212 
244 220 
244 247 
244 279 
244 313 
244 397 
76 245 
86 245 
96 245 
119 245 
186 245 
209 245 
223 245 
284 245 
375 245 
389 245 
245 28 
245 212 
245 234 
245 247 
245 278 
245 313 
245 349 
245 397 
245 412 
77 246 
86 246 
96 246 
119 246 
186 246 
263 246 
285 246 
373 246 
390 246 
401 246 
246 192 
246 213 
246 223 
246 233 
246 269 
246 277 
246 313 
246 398 
85 247 
96 247 
120 247 
186 247 
266 247 
285 247 
372 247 
388 247 
400 247 
247 191 
247 213 
247 292 
247 312 
247 342 
247 376 
247 398 
77 248 
85 248 
95 248 
120 248 
185 248 
285 248 
371 248 
388 248 
402 248 
413 248 
248 213 
248 222 
248 233 
248 277 
248 291 
248 312 
248 399 
76 249 
86 249 
96 249 
120 249 
185 249 
215 249 
286 249 
371 249 
389 249 
400 249 
249 140 
249 213 
249 234 
249 253 
249 291 
249 302 
249 312 
249 378 
249 398 
76 250 
86 250 
95 250 
120 250 
185 250 
215 250 
249 250 
286 250 
369 250 
389 250 
414 250 
250 146 
250 188 
250 213 
250 234 
250 253 
250 302 
250 311 
250 350 
250 378 
250 399 
77 251 
86 251 
94 251 
120 251 
184 251 
205 251 
287 251 
368 251 
389 251 
414 251 
251 143 
251 213 
251 236 
251 311 
251 398 
77 252 
94 252 
120 252 
184 252 
205 252 
287 252 
368 252 
389 252 
401 252 
252 127 
252 213 
252 236 
252 252 
252 263 
252 272 
252 311 
252 398 
85 253 
95 253 
120 253 
184 253 
205 253 
287 253 
367 253 
389 253 
402 253 
413 253 
253 213 
253 226 
253 236 
253 311 
253 399 
76 254 
84 254 
95 254 
119 254 
184 254 
205 254 
219 254 
287 254 
367 254 
388 254 
402 254 
413 254 
254 214 
254 236 
254 265 
254 310 
254 375 
254 399 
76 255 
84 255 
95 255 
119 255 
184 255 
205 255 
288 255 
366 255 
388 255 
412 255 
255 27 
255 188 
255 214 
255 236 
255 265 
255 310 
255 376 
255 399 
76 256 
86 256 
95 256 
119 256 
184 256 
219 256 
287 256 
365 256 
389 256 
402 256 
413 256 
256 197 
256 310 
256 399 
76 257 
94 257 
119 257 
183 257 
201 257 
218 257 
288 257 
364 257 
389 257 
402 257 
412 257 
257 125 
257 165 
257 197 
257 210 
257 275 
257 309 
257 399 
75 258 
94 258 
118 258 
183 258 
288 258 
364 258 
389 258 
401 258 
413 258 
258 144 
258 186 
258 195 
258 214 
258 226 
258 251 
258 309 
258 358 
258 399 
75 259 
85 259 
94 259 
118 259 
182 259 
288 259 
363 259 
388 259 
402 259 
412 259 
259 163 
259 213 
259 225 
259 308 
259 359 
259 398 
76 260 
85 260 
95 260 
119 260 
183 260 
201 260 
288 260 
363 260 
389 260 
401 260 
412 260 
260 27 
260 140 
260 213 
260 226 
260 308 
260 399 
76 261 
86 261 
94 261 
182 261 
288 261 
362 261 
389 261 
401 261 
412 261 
261 213 
261 237 
261 247 
261 283 
261 307 
261 400 
76 262 
86 262 
94 262 
183 262 
218 262 
288 262 
362 262 
388 262 
401 262 
412 262 
262 213 
262 259 
262 269 
262 283 
262 307 
262 399 
76 263 
86 263 
94 263 
117 263 
183 263 
195 263 
218 263 
288 263 
362 263 
388 263 
401 263 
412 263 
263 180 
263 214 
263 245 
263 260 
263 270 
263 279 
263 288 
263 306 
263 399 
76 264 
85 264 
94 264 
117 264 
183 264 
218 264 
288 264 
361 264 
389 264 
401 264 
264 135 
264 181 
264 245 
264 259 
264 271 
264 280 
264 306 
264 371 
264 399 
76 265 
86 265 
94 265 
116 265 
183 265 
218 265 
288 265 
360 265 
388 265 
402 265 
265 259 
265 281 
265 305 
265 399 
85 266 
95 266 
116 266 
183 266 
193 266 
219 266 
287 266 
360 266 
388 266 
402 266 
266 156 
266 211 
266 223 
266 249 
266 305 
266 399 
76 267 
85 267 
95 267 
116 267 
183 267 
288 267 
360 267 
388 267 
400 267 
267 177 
267 210 
267 223 
267 249 
267 304 
267 400 
76 268 
85 268 
95 268 
115 268 
183 268 
195 268 
287 268 
360 268 
388 268 
399 268 
413 268 
268 208 
268 224 
268 249 
268 303 
268 389 
268 400 
76 269 
85 269 
95 269 
114 269 
183 269 
196 269 
220 269 
287 269 
360 269 
388 269 
412 269 
269 224 
269 251 
269 303 
269 348 
269 372 
269 388 
269 400 
75 270 
85 270 
95 270 
114 270 
183 270 
196 270 
220 270 
287 270 
360 270 
388 270 
412 270 
270 207 
270 225 
270 247 
270 302 
270 372 
270 400 
74 271 
84 271 
94 271 
114 271 
184 271 
196 271 
287 271 
360 271 
388 271 
412 271 
271 226 
271 301 
271 400 
84 272 
94 272 
114 272 
184 272 
195 272 
287 272 
360 272 
387 272 
272 208 
272 226 
272 301 
272 399 
76 273 
85 273 
94 273 
113 273 
184 273 
287 273 
360 273 
388 273 
273 208 
273 227 
273 300 
273 324 
273 399 
76 274 
84 274 
94 274 
112 274 
184 274 
287 274 
359 274 
388 274 
400 274 
410 274 
274 183 
274 210 
274 228 
274 300 
274 399 
75 275 
84 275 
94 275 
112 275 
185 275 
250 275 
287 275 
359 275 
388 275 
400 275 
275 126 
275 210 
275 229 
275 285 
275 298 
275 335 
275 347 
275 376 
275 401 
75 276 
84 276 
95 276 
111 276 
185 276 
195 276 
248 276 
287 276 
358 276 
388 276 
400 276 
276 210 
276 230 
276 249 
276 298 
276 400 
76 277 
84 277 
94 277 
110 277 
185 277 
196 277 
227 277 
286 277 
358 277 
388 277 
400 277 
277 231 
277 296 
277 376 
277 388 
277 399 
75 278 
84 278 
94 278 
110 278 
185 278 
197 278 
229 278 
286 278 
358 278 
388 278 
399 278 
278 232 
278 295 
278 400 
76 279 
85 279 
94 279 
109 279 
186 279 
198 279 
286 279 
358 279 
386 279 
398 279 
279 64 
279 179 
279 234 
279 294 
279 355 
279 400 
76 280 
94 280 
108 280 
186 280 
200 280 
264 280 
286 280 
358 280 
386 280 
280 217 
280 235 
280 293 
280 377 
280 401 
76 281 
94 281 
107 281 
186 281 
202 281 
264 281 
286 281 
358 281 
386 281 
400 281 
281 239 
281 291 
281 365 
281 376 
281 400 
76 282 
85 282 
95 282 
106 282 
187 282 
204 282 
262 282 
285 282 
358 282 
386 282 
398 282 
282 173 
282 212 
282 240 
282 290 
76 283 
95 283 
105 283 
187 283 
206 283 
285 283 
358 283 
386 283 
283 243 
283 287 
5 284 
76 284 
84 284 
187 284 
208 284 
285 284 
358 284 
387 284 
399 284 
284 52 
284 245 
284 286 
284 400 
5 285 
76 285 
84 285 
101 285 
188 285 
284 285 
358 285 
386 285 
399 285 
285 49 
285 247 
285 281 
285 375 
285 400 
77 286 
100 286 
188 286 
211 286 
283 286 
358 286 
385 286 
398 286 
286 60 
286 280 
286 400 
22 287 
189 287 
284 287 
358 287 
384 287 
398 287 
287 47 
287 59 
287 386 
287 400 
21 288 
80 288 
95 288 
189 288 
283 288 
358 288 
385 288 
399 288 
288 33 
288 47 
288 146 
94 289 
190 289 
217 289 
248 289 
282 289 
358 289 
384 289 
399 289 
289 71 
289 144 
289 157 
289 263 
289 312 
289 325 
289 336 
289 400 
94 290 
104 290 
191 290 
219 290 
248 290 
282 290 
357 290 
384 290 
290 46 
290 159 
290 223 
290 263 
290 310 
5 291 
21 291 
84 291 
94 291 
104 291 
161 291 
191 291 
220 291 
248 291 
281 291 
357 291 
385 291 
291 132 
291 223 
291 254 
291 264 
291 277 
291 297 
291 331 
291 347 
291 386 
76 292 
94 292 
192 292 
281 292 
357 292 
384 292 
292 36 
292 223 
292 277 
292 314 
292 347 
292 385 
76 293 
94 293 
193 293 
224 293 
241 293 
280 293 
358 293 
384 293 
293 49 
293 133 
76 294 
94 294 
194 294 
225 294 
279 294 
358 294 
384 294 
294 44 
294 133 
294 154 
294 222 
294 327 
294 362 
76 295 
94 295 
195 295 
226 295 
278 295 
358 295 
384 295 
295 37 
295 133 
295 222 
295 354 
295 365 
77 296 
95 296 
196 296 
229 296 
277 296 
358 296 
383 296 
296 36 
296 133 
296 222 
296 340 
5 297 
77 297 
95 297 
197 297 
230 297 
276 297 
358 297 
297 180 
297 212 
297 235 
297 283 
297 295 
78 298 
198 298 
230 298 
275 298 
357 298 
298 310 
79 299 
199 299 
230 299 
274 299 
358 299 
382 299 
299 37 
299 48 
299 134 
299 208 
299 237 
299 313 
200 300 
230 300 
272 300 
358 300 
382 300 
300 46 
300 135 
300 208 
85 301 
201 301 
230 301 
271 301 
358 301 
382 301 
301 51 
301 178 
301 365 
301 379 
76 302 
203 302 
230 302 
270 302 
358 302 
381 302 
302 37 
302 133 
302 385 
76 303 
89 303 
145 303 
204 303 
230 303 
269 303 
358 303 
381 303 
303 37 
303 47 
303 132 
303 236 
303 361 
76 304 
146 304 
206 304 
229 304 
267 304 
358 304 
304 132 
304 202 
304 388 
94 305 
207 305 
229 305 
265 305 
358 305 
305 39 
305 51 
305 292 
76 306 
95 306 
210 306 
229 306 
264 306 
359 306 
381 306 
306 198 
306 234 
306 293 
95 307 
211 307 
229 307 
261 307 
359 307 
381 307 
307 195 
307 236 
307 351 
307 363 
214 308 
229 308 
260 308 
359 308 
380 308 
308 40 
308 193 
308 259 
78 309 
215 309 
228 309 
257 309 
360 309 
380 309 
309 40 
309 48 
309 169 
309 283 
309 295 
78 310 
254 310 
360 310 
380 310 
310 43 
310 192 
310 337 
9 311 
253 311 
360 311 
380 311 
311 42 
311 51 
311 338 
311 374 
8 312 
98 312 
360 312 
380 312 
312 51 
312 188 
312 321 
312 340 
8 313 
77 313 
361 313 
313 45 
313 53 
313 188 
313 202 
313 220 
313 235 
313 292 
8 314 
78 314 
362 314 
379 314 
314 52 
314 164 
314 189 
314 306 
314 336 
78 315 
149 315 
228 315 
362 315 
379 315 
315 50 
315 70 
315 162 
315 188 
315 201 
9 316 
58 316 
77 316 
228 316 
363 316 
379 316 
316 69 
316 127 
316 162 
316 169 
316 187 
316 223 
316 238 
316 312 
58 317 
77 317 
228 317 
364 317 
380 317 
317 45 
317 53 
317 68 
317 162 
317 226 
317 301 
317 315 
10 318 
58 318 
78 318 
148 318 
228 318 
365 318 
377 318 
318 45 
318 322 
318 339 
9 319 
59 319 
77 319 
228 319 
367 319 
319 47 
319 176 
319 186 
319 200 
319 251 
319 350 
59 320 
78 320 
151 320 
227 320 
320 54 
320 177 
320 270 
59 321 
78 321 
227 321 
321 132 
321 177 
321 291 
321 321 
58 322 
79 322 
149 322 
227 322 
322 47 
322 308 
11 323 
59 323 
79 323 
148 323 
227 323 
323 45 
323 54 
323 174 
323 214 
323 233 
323 272 
323 367 
11 324 
60 324 
80 324 
148 324 
227 324 
324 174 
324 194 
324 215 
324 340 
60 325 
79 325 
148 325 
227 325 
325 47 
325 55 
325 216 
325 257 
325 340 
325 363 
60 326 
79 326 
116 326 
148 326 
332 326 
326 170 
326 222 
326 270 
326 310 
326 331 
326 365 
78 327 
117 327 
332 327 
327 172 
327 341 
327 367 
12 328 
59 328 
78 328 
332 328 
328 55 
328 185 
328 216 
328 340 
12 329 
59 329 
79 329 
226 329 
333 329 
329 54 
329 151 
329 185 
329 257 
329 323 
60 330 
79 330 
226 330 
332 330 
330 53 
330 169 
61 331 
79 331 
226 331 
332 331 
341 331 
331 169 
331 189 
331 285 
331 333 
62 332 
79 332 
226 332 
332 329 
62 333 
80 333 
143 333 
226 333 
330 333 
333 236 
333 328 
333 367 
63 334 
81 334 
225 334 
245 334 
263 334 
330 334 
334 327 
63 335 
81 335 
226 335 
245 335 
330 335 
335 303 
335 366 
62 336 
81 336 
226 336 
336 126 
336 185 
336 205 
336 217 
336 231 
336 282 
336 346 
15 337 
62 337 
81 337 
226 337 
244 337 
337 144 
337 187 
337 232 
337 262 
337 282 
337 296 
63 338 
81 338 
225 338 
338 172 
338 219 
338 232 
338 270 
63 339 
82 339 
225 339 
339 54 
339 205 
339 217 
339 233 
339 300 
339 309 
64 340 
81 340 
225 340 
340 54 
340 233 
64 341 
82 341 
225 341 
245 341 
341 54 
341 207 
341 231 
341 242 
341 329 
341 348 
63 342 
83 342 
225 342 
342 54 
342 295 
63 343 
84 343 
224 343 
343 54 
343 156 
343 273 
343 285 
343 331 
343 348 
47 344 
63 344 
85 344 
224 344 
344 53 
344 170 
344 209 
344 273 
47 345 
63 345 
86 345 
224 345 
345 144 
345 293 
345 302 
47 346 
64 346 
89 346 
107 346 
224 346 
346 54 
346 234 
48 347 
65 347 
90 347 
224 347 
347 54 
347 151 
347 188 
347 212 
347 234 
347 262 
347 300 
347 314 
65 348 
91 348 
224 348 
348 55 
348 250 
348 270 
65 349 
93 349 
224 349 
349 56 
349 283 
65 350 
94 350 
224 350 
350 55 
350 241 
350 256 
350 282 
350 330 
65 351 
96 351 
351 149 
351 169 
351 185 
351 244 
351 299 
351 322 
98 352 
352 150 
352 212 
352 330 
99 353 
224 353 
353 150 
353 216 
353 267 
353 277 
101 354 
224 354 
354 18 
354 162 
354 205 
103 355 
224 355 
355 18 
355 195 
105 356 
223 356 
356 163 
356 196 
107 357 
224 357 
357 237 
357 258 
33 358 
108 358 
223 358 
358 304 
23 359 
33 359 
109 359 
223 359 
359 154 
359 277 
359 309 
23 360 
33 360 
112 360 
223 360 
360 154 
360 268 
360 311 
35 361 
113 361 
132 361 
222 361 
361 125 
361 154 
361 265 
361 313 
115 362 
223 362 
362 155 
362 262 
362 284 
362 315 
117 363 
222 363 
363 23 
363 155 
363 219 
363 260 
363 316 
119 364 
222 364 
364 155 
364 194 
364 258 
364 317 
36 365 
121 365 
222 365 
365 157 
365 238 
365 256 
365 275 
365 318 
123 366 
222 366 
366 18 
366 157 
366 254 
366 270 
366 319 
125 367 
222 367 
367 157 
367 184 
367 253 
367 271 
367 287 
367 319 
128 368 
167 368 
222 368 
368 157 
368 252 
368 300 
368 320 
131 369 
222 369 
369 158 
369 178 
369 187 
369 251 
369 312 
369 320 
133 370 
222 370 
370 158 
370 188 
370 208 
370 249 
370 321 
135 371 
222 371 
371 158 
371 208 
371 217 
371 248 
371 275 
371 286 
371 321 
138 372 
221 372 
372 159 
372 196 
372 208 
372 247 
372 287 
372 296 
372 321 
141 373 
221 373 
373 17 
373 160 
373 182 
373 219 
373 247 
373 269 
373 320 
143 374 
221 374 
374 19 
374 161 
374 219 
374 245 
374 269 
147 375 
221 375 
375 161 
375 244 
375 257 
375 293 
150 376 
221 376 
376 161 
376 244 
376 256 
153 377 
172 377 
220 377 
377 162 
377 243 
156 378 
221 378 
378 163 
378 243 
93 379 
159 379 
220 379 
379 163 
379 195 
379 243 
379 269 
96 380 
162 380 
220 380 
380 130 
380 163 
380 208 
380 242 
380 312 
97 381 
164 381 
220 381 
381 129 
381 163 
381 176 
381 242 
98 382 
166 382 
219 382 
382 128 
382 163 
382 241 
382 302 
100 383 
170 383 
220 383 
383 129 
383 150 
383 164 
383 217 
383 241 
383 255 
383 299 
76 384 
101 384 
172 384 
220 384 
384 127 
384 149 
384 165 
384 217 
384 241 
384 292 
103 385 
175 385 
220 385 
385 165 
385 215 
385 241 
44 386 
80 386 
105 386 
178 386 
219 386 
293 386 
386 165 
386 198 
386 241 
386 282 
42 387 
81 387 
106 387 
181 387 
219 387 
387 19 
387 166 
387 200 
387 220 
387 241 
387 277 
80 388 
108 388 
184 388 
219 388 
388 146 
388 166 
388 220 
388 241 
388 270 
109 389 
187 389 
219 389 
389 166 
389 220 
109 390 
194 390 
219 390 
390 168 
390 220 
390 231 
390 240 
43 391 
197 391 
218 391 
391 133 
391 168 
391 220 
391 231 
202 392 
219 392 
392 131 
392 169 
392 188 
392 205 
392 220 
392 269 
392 307 
44 393 
207 393 
218 393 
393 130 
393 168 
393 187 
393 200 
393 220 
393 269 
45 394 
118 394 
394 131 
394 169 
394 221 
45 395 
117 395 
217 395 
395 24 
395 155 
395 170 
395 221 
228 396 
396 171 
396 221 
397 171 
397 198 
397 221 
397 289 
398 171 
398 222 
398 297 
399 137 
399 152 
399 172 
399 223 
399 279 
400 172 
400 223 
400 276 
401 173 
401 224 
402 173 
402 223 
402 235 
403 174 
403 209 
403 224 
403 235 
403 278 
404 174 
404 208 
404 225 
404 235 
405 137 
405 176 
405 225 
405 235 
406 32 
406 177 
406 225 
406 235 
407 178 
407 226 
407 237 
408 184 
408 226 
408 237 
409 185 
409 226 
409 237 
409 257 
410 227 
410 237 
411 29 
411 112 
411 228 
411 238 
412 112 
412 145 
412 228 
412 238 
413 115 
413 240 
414 116 
415 24 
415 35 
415 116 
415 269 
416 198 
417 57 
417 199 
418 119 
186 419 
419 120 
419 139 
419 180 
419 205 
193 420 
420 31 
420 122 
196 421 
421 123 
422 121 
422 141 
423 123 
423 140 
424 152 
425 139 
425 170 
425 250 
426 125 
427 36 
427 126 
427 245 
428 34 
428 127 
429 127 
429 200 
430 129 
430 200 
431 44 
431 130 
431 183 
431 199 
432 133 
432 199 
433 135 
433 177 
433 199 
433 229 
434 135 
434 176 
434 199 
434 230 
82 435 
97 435 
435 136 
435 189 
435 200 
84 436 
436 37 
436 137 
436 199 
84 437 
102 437 
437 48 
437 139 
437 164 
437 198 
437 233 
84 438 
102 438 
438 140 
438 163 
438 198 
85 439 
102 439 
439 162 
440 143 
440 161 
140 441 
441 145 
441 161 
441 195 
441 222 
442 131 
442 147 
442 161 
442 195 
111 443 
443 147 
444 151 
93 445 
445 81 
141 446 
446 154 
446 191 
446 206 
447 44 
447 132 
447 155 
447 192 
447 204 
98 448 
117 448 
205 448 
448 42 
448 100 
448 157 
448 192 
448 204 
99 449 
117 449 
449 84 
449 159 
449 204 
100 450 
450 15 
450 84 
450 161 
450 203 
101 451 
181 451 
451 16 
451 85 
451 100 
451 206 
102 452 
181 452 
452 84 
452 168 
452 186 
452 206 
105 453 
453 50 
453 168 
453 185 
454 105 
454 171 
455 11 
455 47 
455 135 
455 190 
457 76 
457 186 
132 459 
459 78 
459 113 
459 186 
461 87 
461 117 
146 462 
462 118 
463 21 
463 81 
463 119 
129 464 
151 464 
464 21 
464 32 
464 47 
464 80 
464 119 
131 465 
150 465 
465 48 
465 79 
129 466 
161 466 
466 23 
466 124 
130 467 
161 467 
467 41 
130 468 
143 468 
160 468 
468 128 
16 469 
24 469 
51 469 
62 469 
131 469 
143 469 
160 469 
469 5 
469 15 
469 37 
469 79 
469 127 
134 470 
143 470 
470 48 
470 135 
6 471 
25 471 
65 471 
78 471 
143 471 
471 50 
471 97 
