449 237 
477 237 
487 237 
500 237 
449 239 
477 239 
487 239 
500 240 
449 241 
477 242 
487 242 
500 242 
449 243 
477 244 
487 245 
500 246 
450 245 
477 247 
487 247 
450 247 
477 249 
487 250 
499 251 
450 249 
477 252 
487 253 
451 251 
477 254 
487 256 
451 253 
476 257 
487 258 
499 260 
452 256 
476 260 
486 261 
499 263 
454 258 
475 262 
486 264 
498 266 
455 261 
475 264 
486 267 
498 269 
456 263 
475 267 
486 270 
497 272 
459 266 
475 270 
485 272 
374 248 
462 269 
474 272 
485 275 
497 278 
492 279 
473 278 
486 281 
474 281 
495 287 
473 283 
494 289 
473 285 
489 291 
473 289 
484 293 
479 294 
493 299 
373 254 
474 295 
493 303 
373 254 
472 297 
493 306 
492 308 
492 312 
372 256 
491 315 
490 318 
489 321 
371 259 
488 324 
488 327 
486 330 
483 336 
369 263 
481 337 
369 263 
477 339 
473 340 
470 342 
467 343 
462 343 
460 346 
457 346 
453 347 
450 348 
446 349 
364 270 
444 350 
441 350 
438 352 
436 353 
433 354 
361 273 
430 354 
360 273 
427 355 
424 356 
358 274 
420 356 
359 275 
418 357 
415 358 
357 276 
353 278 
400 362 
353 279 
397 362 
353 279 
395 363 
351 279 
392 363 
351 279 
390 364 
350 280 
387 364 
349 280 
385 364 
349 281 
383 365 
347 281 
380 365 
346 281 
378 366 
346 281 
375 366 
345 282 
372 366 
345 282 
370 366 
344 283 
368 366 
343 283 
365 367 
342 283 
363 367 
341 283 
361 367 
340 283 
358 367 
340 284 
356 367 
339 284 
354 368 
338 284 
351 368 
337 284 
349 368 
336 285 
347 368 
335 285 
344 368 
335 285 
342 368 
334 285 
340 368 
333 285 
337 368 
332 286 
335 368 
328 368 
326 368 
324 368 
321 368 
319 368 
317 368 
325 285 
314 368 
324 285 
312 368 
323 285 
310 368 
322 285 
307 368 
321 285 
305 368 
321 284 
302 368 
320 284 
300 367 
318 284 
298 367 
318 284 
296 367 
317 284 
293 367 
316 283 
291 366 
316 283 
289 366 
314 283 
286 366 
314 283 
283 366 
313 283 
281 366 
312 283 
278 365 
311 282 
276 365 
311 281 
274 364 
309 281 
271 364 
309 281 
269 364 
307 281 
265 364 
307 281 
263 363 
306 280 
261 362 
306 280 
258 362 
305 279 
255 362 
304 279 
252 361 
303 279 
250 360 
302 278 
248 360 
302 278 
245 359 
301 277 
242 358 
300 277 
239 358 
299 276 
236 358 
300 275 
233 356 
298 275 
230 356 
298 274 
228 355 
297 274 
225 354 
297 273 
222 353 
296 272 
218 352 
296 272 
217 351 
295 272 
215 350 
295 270 
211 348 
294 270 
208 348 
293 270 
205 346 
292 269 
202 346 
292 268 
199 344 
291 268 
194 343 
291 267 
191 342 
290 267 
186 342 
290 265 
185 339 
289 265 
184 335 
289 264 
183 334 
288 264 
183 330 
288 263 
182 326 
287 262 
181 323 
287 261 
180 321 
286 260 
179 317 
286 260 
178 315 
285 259 
196 302 
177 312 
285 259 
194 301 
177 309 
285 257 
188 300 
176 306 
284 257 
195 295 
184 299 
175 303 
284 256 
195 292 
179 298 
284 255 
195 289 
176 296 
283 254 
194 287 
174 294 
283 253 
194 284 
182 288 
283 252 
175 287 
283 252 
183 282 
282 251 
209 272 
193 276 
183 279 
173 282 
282 249 
211 268 
193 273 
183 276 
282 249 
212 266 
193 271 
182 274 
282 248 
213 264 
192 269 
182 271 
281 247 
214 261 
192 266 
182 268 
281 246 
214 259 
192 263 
182 265 
281 245 
215 257 
191 261 
181 263 
281 244 
215 255 
191 259 
181 260 
281 244 
215 253 
191 256 
181 257 
281 243 
215 251 
191 254 
181 255 
280 242 
215 249 
190 251 
181 252 
281 241 
215 247 
190 249 
180 250 
281 240 
215 245 
169 248 
280 239 
281 238 
280 237 
280 237 
215 237 
190 237 
280 236 
215 234 
189 234 
179 234 
168 234 
280 235 
215 232 
189 232 
179 231 
168 231 
280 234 
213 230 
189 229 
179 228 
168 228 
280 233 
213 228 
189 227 
179 226 
168 225 
281 232 
213 226 
189 224 
179 223 
168 222 
281 232 
212 224 
189 221 
179 220 
168 219 
281 230 
211 222 
189 219 
179 218 
168 216 
281 229 
210 220 
189 217 
179 215 
168 214 
281 229 
209 217 
189 214 
179 212 
169 211 
282 228 
207 215 
189 211 
179 210 
169 208 
282 227 
206 212 
189 209 
180 207 
169 205 
282 226 
180 204 
170 202 
283 224 
191 202 
179 199 
169 196 
283 224 
191 199 
180 196 
169 193 
284 223 
191 196 
171 190 
284 222 
191 193 
176 189 
284 221 
191 191 
180 187 
285 220 
192 189 
183 186 
171 181 
285 220 
190 185 
172 178 
285 219 
192 183 
286 218 
286 217 
173 169 
286 216 
174 166 
287 215 
175 163 
287 215 
176 161 
288 214 
176 157 
288 214 
177 155 
288 212 
177 151 
289 211 
178 148 
289 211 
179 145 
290 210 
181 142 
291 210 
291 209 
188 140 
291 209 
191 139 
194 137 
197 135 
293 206 
199 133 
293 206 
203 132 
294 205 
207 131 
295 205 
209 130 
295 204 
212 129 
296 204 
215 128 
218 126 
297 202 
221 126 
221 125 
298 202 
225 124 
298 201 
227 123 
230 122 
233 122 
300 200 
237 122 
301 200 
239 120 
241 119 
244 119 
303 198 
247 118 
250 118 
252 117 
305 197 
254 116 
257 115 
306 197 
260 115 
308 196 
262 114 
265 114 
309 196 
267 113 
272 112 
275 112 
312 194 
277 111 
279 111 
314 193 
281 110 
284 110 
315 193 
287 110 
289 109 
291 109 
293 109 
296 108 
298 108 
317 107 
319 106 
321 106 
324 107 
331 191 
331 106 
331 191 
333 106 
335 106 
338 105 
334 191 
340 105 
335 191 
342 105 
335 191 
344 105 
347 105 
349 105 
352 105 
354 105 
356 105 
359 105 
361 105 
363 106 
365 106 
368 106 
371 106 
373 107 
375 107 
378 107 
381 107 
383 108 
386 108 
388 108 
350 196 
391 109 
350 196 
393 109 
352 197 
352 197 
354 198 
406 112 
409 112 
412 112 
415 112 
417 113 
419 115 
423 115 
425 116 
429 116 
432 117 
434 118 
438 118 
441 119 
445 120 
450 120 
467 126 
366 208 
477 130 
368 212 
485 144 
487 146 
487 150 
488 153 
489 156 
490 159 
491 162 
472 174 
491 165 
372 219 
474 176 
492 168 
478 177 
472 182 
484 177 
493 174 
373 221 
473 184 
487 179 
473 188 
493 181 
474 190 
495 183 
474 192 
485 189 
374 224 
491 190 
485 196 
459 204 
474 201 
485 198 
497 195 
456 208 
475 203 
485 201 
498 198 
455 210 
475 206 
485 203 
454 213 
475 209 
485 207 
453 215 
476 211 
485 209 
452 217 
476 213 
486 212 
499 210 
451 220 
476 216 
486 215 
499 213 
451 222 
477 219 
486 217 
499 216 
375 232 
450 224 
477 221 
486 220 
499 219 
375 232 
449 226 
477 224 
486 223 
500 222 
375 234 
449 228 
477 226 
487 226 
500 225 
449 230 
477 229 
487 228 
500 227 
449 232 
477 231 
487 231 
500 231 
449 234 
477 234 
487 234 
168 252 
169 253 
170 262 
171 189 
171 201 
171 286 
172 180 
172 189 
172 201 
173 189 
173 200 
173 287 
174 168 
174 189 
174 200 
175 165 
175 188 
175 200 
175 288 
176 161 
176 188 
176 200 
176 288 
176 304 
177 157 
177 188 
177 200 
177 288 
177 311 
178 188 
178 199 
178 288 
178 298 
178 314 
179 187 
179 200 
179 252 
179 288 
179 298 
179 319 
180 144 
180 187 
180 252 
180 288 
180 298 
180 322 
181 144 
181 186 
181 201 
181 257 
181 288 
181 298 
181 323 
182 143 
182 186 
182 200 
182 288 
182 298 
182 325 
183 143 
183 186 
183 299 
183 330 
184 142 
184 186 
184 299 
185 142 
185 186 
185 287 
185 299 
186 141 
186 185 
186 299 
186 341 
187 140 
187 185 
187 300 
187 341 
188 140 
188 185 
188 300 
188 341 
189 140 
189 184 
189 251 
189 300 
189 342 
190 139 
190 185 
190 252 
190 300 
190 342 
191 138 
191 185 
191 300 
191 342 
192 138 
192 206 
192 301 
192 342 
193 138 
193 185 
193 206 
193 279 
193 301 
193 343 
194 137 
194 184 
194 206 
194 301 
194 343 
195 136 
195 206 
195 343 
196 136 
196 206 
196 280 
196 344 
197 136 
197 206 
197 280 
197 301 
197 344 
198 135 
198 207 
198 279 
198 301 
198 344 
199 134 
199 208 
199 279 
199 302 
199 345 
200 134 
200 208 
200 279 
200 345 
377 107 
201 134 
201 209 
201 278 
201 345 
327 108 
382 108 
202 133 
202 209 
202 278 
202 346 
293 109 
326 109 
387 109 
203 133 
203 210 
203 278 
203 346 
327 110 
390 110 
204 132 
204 211 
204 277 
204 346 
281 111 
326 111 
408 111 
205 132 
205 211 
205 276 
205 347 
274 112 
327 112 
409 112 
206 131 
206 213 
206 275 
206 347 
269 113 
326 113 
413 113 
207 131 
207 214 
207 275 
207 348 
264 114 
327 114 
418 114 
208 130 
208 216 
208 273 
208 348 
261 115 
327 115 
423 115 
209 130 
209 217 
209 272 
209 349 
256 116 
327 116 
424 116 
210 130 
210 220 
210 270 
210 349 
253 117 
327 117 
433 117 
211 129 
211 221 
211 269 
211 349 
247 118 
327 118 
439 118 
212 129 
212 224 
212 266 
212 350 
243 119 
327 119 
441 119 
213 128 
213 227 
213 265 
213 350 
240 120 
327 120 
446 120 
214 128 
214 230 
214 262 
214 351 
237 121 
327 121 
449 121 
215 128 
215 234 
215 257 
215 351 
232 122 
327 122 
450 122 
216 127 
216 234 
216 351 
230 123 
327 123 
452 123 
217 127 
217 235 
217 249 
217 352 
226 124 
327 124 
218 127 
218 352 
223 125 
327 125 
219 126 
219 352 
220 126 
327 126 
467 126 
220 126 
220 353 
218 127 
327 127 
469 127 
221 126 
221 353 
215 128 
327 128 
470 128 
222 125 
222 354 
212 129 
327 129 
223 125 
223 354 
210 130 
327 130 
224 124 
224 354 
207 131 
327 131 
225 124 
225 354 
205 132 
327 132 
226 124 
226 355 
203 133 
327 133 
227 124 
227 355 
201 134 
327 134 
482 134 
228 123 
228 355 
198 135 
327 135 
483 135 
229 123 
229 356 
196 136 
327 136 
483 136 
230 123 
230 356 
194 137 
327 137 
484 137 
231 122 
231 356 
193 138 
327 138 
484 138 
232 122 
232 356 
191 139 
327 139 
484 139 
233 122 
233 357 
189 140 
327 140 
485 140 
234 122 
234 357 
187 141 
327 141 
485 141 
235 122 
235 357 
182 142 
327 142 
485 142 
236 121 
236 357 
181 143 
327 143 
485 143 
237 120 
237 358 
181 144 
327 144 
486 144 
238 120 
238 358 
180 145 
327 145 
486 145 
239 120 
239 358 
179 146 
327 146 
486 146 
240 120 
240 358 
179 147 
327 147 
486 147 
241 120 
241 358 
179 148 
327 148 
487 148 
242 119 
242 358 
178 149 
327 149 
487 149 
243 119 
243 359 
179 150 
327 150 
487 150 
244 119 
244 359 
178 151 
327 151 
488 151 
245 118 
245 359 
177 152 
327 152 
488 152 
246 118 
246 359 
177 153 
327 153 
488 153 
247 118 
247 360 
177 154 
327 154 
489 154 
248 118 
248 360 
177 155 
327 155 
489 155 
249 118 
249 360 
177 156 
327 156 
489 156 
250 117 
250 361 
177 157 
327 157 
489 157 
251 117 
251 361 
176 158 
327 158 
489 158 
252 117 
252 361 
176 159 
327 159 
490 159 
253 116 
253 361 
176 160 
327 160 
490 160 
254 116 
254 361 
175 161 
327 161 
491 161 
255 116 
255 362 
175 162 
327 162 
491 162 
256 116 
256 362 
175 163 
327 163 
491 163 
257 116 
257 362 
175 164 
327 164 
491 164 
258 115 
258 362 
174 165 
327 165 
491 165 
259 115 
259 362 
174 166 
327 166 
260 115 
260 362 
174 167 
327 167 
261 114 
261 363 
173 168 
327 168 
262 114 
262 363 
173 169 
327 169 
492 169 
263 114 
263 363 
173 170 
327 170 
493 170 
264 114 
264 363 
173 171 
327 171 
493 171 
265 114 
265 364 
173 172 
327 172 
471 172 
493 172 
266 113 
266 364 
173 173 
327 173 
472 173 
267 114 
267 364 
173 174 
327 174 
472 174 
493 174 
268 113 
268 364 
172 175 
328 175 
473 175 
493 175 
269 113 
269 364 
172 176 
328 176 
493 176 
270 113 
270 364 
172 177 
328 177 
481 177 
271 364 
172 178 
328 178 
471 178 
484 178 
272 112 
272 364 
172 179 
328 179 
472 179 
487 179 
273 112 
273 364 
172 180 
328 180 
472 180 
492 180 
274 112 
274 365 
171 181 
328 181 
472 181 
493 181 
275 112 
275 365 
171 182 
192 182 
328 182 
473 182 
493 182 
276 112 
276 365 
171 183 
191 183 
328 183 
473 183 
495 183 
277 112 
277 365 
171 184 
190 184 
328 184 
473 184 
495 184 
278 111 
278 234 
278 244 
278 365 
171 185 
187 185 
328 185 
473 185 
495 185 
279 111 
279 233 
279 244 
279 366 
184 186 
328 186 
473 186 
495 186 
280 111 
280 366 
181 187 
192 187 
328 187 
473 187 
496 187 
281 110 
281 247 
281 366 
177 188 
192 188 
328 188 
473 188 
485 188 
282 111 
282 250 
282 366 
173 189 
192 189 
473 189 
486 189 
283 110 
283 227 
283 253 
283 366 
172 190 
191 190 
334 190 
473 190 
488 190 
284 110 
284 224 
284 255 
284 366 
171 191 
191 191 
474 191 
493 191 
285 110 
285 221 
285 259 
285 366 
170 192 
191 192 
474 192 
485 192 
495 192 
286 110 
286 218 
286 260 
286 366 
170 193 
191 193 
474 193 
484 193 
496 193 
287 110 
287 217 
287 262 
287 366 
170 194 
191 194 
342 194 
474 194 
484 194 
497 194 
288 110 
288 214 
288 264 
288 366 
170 195 
191 195 
313 195 
343 195 
474 195 
484 195 
497 195 
289 110 
289 213 
289 265 
289 366 
169 196 
191 196 
310 196 
328 196 
473 196 
485 196 
497 196 
290 109 
290 212 
290 266 
290 366 
180 197 
191 197 
307 197 
328 197 
348 197 
356 197 
473 197 
485 197 
497 197 
291 109 
291 209 
291 267 
291 366 
179 198 
191 198 
306 198 
328 198 
356 198 
472 198 
485 198 
497 198 
292 109 
292 208 
292 268 
292 367 
179 199 
190 199 
303 199 
328 199 
357 199 
471 199 
485 199 
498 199 
293 109 
293 207 
293 269 
293 367 
176 200 
191 200 
302 200 
328 200 
358 200 
485 200 
498 200 
294 109 
294 206 
294 270 
294 367 
173 201 
190 201 
299 201 
328 201 
357 201 
463 201 
474 201 
485 201 
498 201 
295 108 
295 205 
295 271 
295 367 
171 202 
191 202 
298 202 
328 202 
358 202 
462 202 
475 202 
485 202 
498 202 
296 108 
296 204 
296 272 
296 367 
170 203 
180 203 
190 203 
297 203 
328 203 
359 203 
460 203 
475 203 
485 203 
498 203 
297 108 
297 203 
297 273 
297 367 
169 204 
180 204 
191 204 
296 204 
328 204 
361 204 
459 204 
475 204 
485 204 
298 108 
298 202 
298 274 
298 367 
169 205 
180 205 
193 205 
295 205 
328 205 
361 205 
458 205 
475 205 
485 205 
498 205 
299 201 
299 275 
299 367 
169 206 
180 206 
195 206 
294 206 
328 206 
363 206 
458 206 
475 206 
485 206 
300 200 
300 276 
300 367 
169 207 
180 207 
293 207 
328 207 
363 207 
457 207 
475 207 
485 207 
301 199 
301 277 
301 368 
169 208 
180 208 
200 208 
292 208 
327 208 
364 208 
456 208 
475 208 
485 208 
499 208 
302 199 
302 278 
302 368 
169 209 
180 209 
190 209 
201 209 
291 209 
327 209 
365 209 
456 209 
475 209 
486 209 
499 209 
303 199 
303 279 
303 368 
169 210 
180 210 
189 210 
203 210 
290 210 
366 210 
455 210 
475 210 
486 210 
499 210 
304 198 
304 279 
304 368 
169 211 
180 211 
190 211 
204 211 
289 211 
367 211 
454 211 
476 211 
486 211 
499 211 
305 197 
305 279 
305 368 
169 212 
179 212 
189 212 
205 212 
289 212 
368 212 
454 212 
475 212 
486 212 
499 212 
306 197 
306 280 
306 368 
168 213 
180 213 
189 213 
206 213 
289 213 
368 213 
454 213 
476 213 
486 213 
499 213 
307 197 
307 281 
307 368 
168 214 
179 214 
189 214 
207 214 
288 214 
368 214 
453 214 
476 214 
486 214 
499 214 
308 196 
308 281 
308 368 
168 215 
180 215 
189 215 
208 215 
287 215 
369 215 
453 215 
476 215 
486 215 
499 215 
309 195 
309 281 
309 368 
168 216 
179 216 
189 216 
208 216 
286 216 
370 216 
453 216 
476 216 
486 216 
499 216 
310 195 
310 282 
310 368 
168 217 
179 217 
189 217 
209 217 
286 217 
371 217 
452 217 
476 217 
486 217 
499 217 
311 195 
311 282 
311 368 
168 218 
179 218 
189 218 
209 218 
286 218 
371 218 
452 218 
477 218 
486 218 
499 218 
312 194 
312 282 
312 368 
168 219 
179 219 
189 219 
210 219 
285 219 
371 219 
452 219 
477 219 
486 219 
500 219 
313 194 
313 283 
313 368 
168 220 
179 220 
189 220 
210 220 
285 220 
372 220 
451 220 
477 220 
486 220 
500 220 
314 194 
314 283 
314 368 
168 221 
179 221 
189 221 
211 221 
285 221 
373 221 
451 221 
477 221 
486 221 
500 221 
315 193 
315 283 
315 368 
168 222 
179 222 
189 222 
211 222 
284 222 
373 222 
451 222 
477 222 
486 222 
500 222 
316 107 
316 193 
316 284 
316 368 
168 223 
179 223 
189 223 
212 223 
284 223 
373 223 
450 223 
477 223 
486 223 
500 223 
317 107 
317 193 
317 284 
317 368 
168 224 
179 224 
189 224 
212 224 
283 224 
374 224 
450 224 
477 224 
487 224 
500 224 
318 107 
318 193 
318 284 
318 368 
168 225 
179 225 
189 225 
212 225 
283 225 
374 225 
450 225 
477 225 
486 225 
500 225 
319 106 
319 193 
319 284 
319 368 
168 226 
179 226 
189 226 
213 226 
282 226 
374 226 
449 226 
477 226 
487 226 
500 226 
320 107 
320 192 
320 284 
320 368 
168 227 
179 227 
189 227 
213 227 
282 227 
374 227 
450 227 
477 227 
487 227 
500 227 
321 106 
321 192 
321 285 
321 368 
168 228 
179 228 
189 228 
213 228 
282 228 
374 228 
449 228 
477 228 
487 228 
500 228 
322 106 
322 192 
322 284 
322 368 
168 229 
179 229 
189 229 
214 229 
281 229 
375 229 
449 229 
477 229 
487 229 
500 229 
323 106 
323 192 
323 285 
323 368 
168 230 
179 230 
189 230 
213 230 
281 230 
375 230 
449 230 
477 230 
487 230 
500 230 
324 107 
324 192 
324 285 
324 368 
168 231 
179 231 
189 231 
214 231 
281 231 
375 231 
449 231 
477 231 
487 231 
500 231 
325 191 
325 285 
325 368 
168 232 
179 232 
189 232 
215 232 
281 232 
375 232 
449 232 
477 232 
487 232 
500 232 
326 285 
326 368 
168 233 
179 233 
189 233 
215 233 
280 233 
375 233 
449 233 
477 233 
487 233 
501 233 
327 368 
168 234 
179 234 
189 234 
215 234 
280 234 
375 234 
449 234 
477 234 
487 234 
500 234 
328 368 
168 235 
179 235 
190 235 
215 235 
280 235 
375 235 
450 235 
477 235 
487 235 
500 235 
329 106 
329 368 
168 236 
179 236 
190 236 
215 236 
280 236 
375 236 
449 236 
477 236 
487 236 
500 236 
330 106 
190 237 
215 237 
280 237 
375 237 
449 237 
477 237 
487 237 
500 237 
331 106 
331 191 
215 238 
281 238 
374 238 
449 238 
477 238 
487 238 
500 238 
332 106 
332 191 
280 239 
375 239 
449 239 
477 239 
487 239 
500 239 
333 106 
333 191 
333 285 
281 240 
374 240 
449 240 
477 240 
487 240 
500 240 
334 106 
334 191 
334 285 
334 367 
281 241 
375 241 
449 241 
477 241 
487 241 
500 241 
335 106 
335 191 
335 285 
335 368 
281 242 
374 242 
449 242 
477 242 
487 242 
500 242 
336 105 
336 192 
336 285 
336 368 
281 243 
375 243 
449 243 
477 243 
487 243 
500 243 
337 106 
337 192 
337 285 
337 368 
281 244 
374 244 
449 244 
477 244 
487 244 
500 244 
338 105 
338 192 
338 284 
338 368 
216 245 
281 245 
374 245 
450 245 
477 245 
487 245 
500 245 
339 105 
339 193 
339 284 
339 368 
216 246 
281 246 
374 246 
450 246 
477 246 
487 246 
500 246 
340 105 
340 193 
340 284 
340 368 
191 247 
216 247 
282 247 
374 247 
450 247 
477 247 
487 247 
500 247 
341 105 
341 193 
341 283 
341 368 
181 248 
191 248 
215 248 
282 248 
374 248 
451 248 
477 248 
487 248 
500 248 
342 105 
342 193 
342 283 
342 368 
169 249 
180 249 
190 249 
216 249 
282 249 
374 249 
450 249 
477 249 
487 249 
500 249 
343 105 
343 193 
343 283 
343 368 
169 250 
180 250 
191 250 
215 250 
282 250 
374 250 
451 250 
477 250 
487 250 
499 250 
344 105 
344 194 
344 282 
344 368 
169 251 
180 251 
190 251 
215 251 
282 251 
373 251 
451 251 
477 251 
487 251 
499 251 
345 105 
345 194 
345 282 
345 368 
181 252 
191 252 
215 252 
283 252 
373 252 
451 252 
477 252 
487 252 
499 252 
346 105 
346 194 
346 282 
346 368 
181 253 
191 253 
215 253 
283 253 
373 253 
451 253 
477 253 
487 253 
499 253 
347 105 
347 195 
347 281 
347 368 
181 254 
191 254 
215 254 
283 254 
372 254 
451 254 
477 254 
487 254 
499 254 
348 105 
348 196 
348 281 
348 368 
181 255 
191 255 
215 255 
284 255 
372 255 
452 255 
476 255 
487 255 
499 255 
349 105 
349 196 
349 280 
349 368 
181 256 
191 256 
215 256 
284 256 
372 256 
453 256 
476 256 
487 256 
499 256 
350 105 
350 196 
350 280 
350 368 
181 257 
191 257 
215 257 
285 257 
371 257 
453 257 
476 257 
487 257 
499 257 
351 106 
351 196 
351 279 
351 368 
181 258 
191 258 
215 258 
285 258 
371 258 
453 258 
476 258 
487 258 
499 258 
352 105 
352 200 
352 279 
352 368 
181 259 
191 259 
215 259 
286 259 
371 259 
454 259 
476 259 
487 259 
499 259 
353 106 
353 200 
353 279 
353 368 
181 260 
191 260 
214 260 
286 260 
370 260 
455 260 
476 260 
487 260 
499 260 
354 105 
354 199 
354 279 
354 367 
181 261 
192 261 
214 261 
287 261 
370 261 
455 261 
476 261 
486 261 
499 261 
355 106 
355 199 
355 276 
355 368 
181 262 
191 262 
213 262 
288 262 
370 262 
455 262 
475 262 
486 262 
499 262 
356 105 
356 200 
356 275 
356 367 
182 263 
192 263 
213 263 
288 263 
369 263 
456 263 
476 263 
486 263 
499 263 
357 106 
357 201 
357 275 
357 367 
182 264 
192 264 
213 264 
288 264 
368 264 
457 264 
475 264 
486 264 
499 264 
358 105 
358 201 
358 275 
358 367 
182 265 
192 265 
213 265 
289 265 
367 265 
458 265 
475 265 
486 265 
498 265 
359 106 
359 202 
359 275 
359 367 
182 266 
192 266 
212 266 
290 266 
367 266 
458 266 
475 266 
486 266 
498 266 
360 105 
360 203 
360 274 
360 367 
182 267 
192 267 
212 267 
291 267 
367 267 
459 267 
475 267 
486 267 
498 267 
361 106 
361 205 
361 273 
361 367 
182 268 
193 268 
211 268 
292 268 
328 268 
366 268 
460 268 
475 268 
486 268 
498 268 
362 105 
362 206 
362 272 
362 367 
182 269 
193 269 
211 269 
293 269 
328 269 
365 269 
461 269 
475 269 
486 269 
498 269 
363 106 
363 207 
363 271 
363 367 
182 270 
193 270 
210 270 
294 270 
328 270 
364 270 
462 270 
475 270 
485 270 
498 270 
364 106 
364 208 
364 270 
364 367 
182 271 
193 271 
210 271 
295 271 
328 271 
363 271 
464 271 
475 271 
486 271 
498 271 
365 106 
365 209 
365 269 
365 366 
183 272 
193 272 
209 272 
296 272 
328 272 
362 272 
466 272 
475 272 
485 272 
497 272 
366 106 
366 210 
366 268 
366 366 
183 273 
193 273 
208 273 
297 273 
328 273 
361 273 
467 273 
485 273 
497 273 
367 106 
367 213 
367 267 
367 366 
183 274 
193 274 
207 274 
298 274 
328 274 
360 274 
470 274 
485 274 
368 106 
368 214 
368 264 
368 366 
183 275 
193 275 
206 275 
299 275 
329 275 
359 275 
472 275 
485 275 
369 106 
369 215 
369 264 
369 366 
183 276 
193 276 
205 276 
300 276 
328 276 
358 276 
472 276 
485 276 
370 106 
370 216 
370 262 
370 366 
183 277 
194 277 
203 277 
301 277 
329 277 
358 277 
473 277 
485 277 
371 106 
371 219 
371 261 
371 366 
183 278 
304 278 
329 278 
351 278 
473 278 
485 278 
495 278 
372 106 
372 222 
372 366 
183 279 
199 279 
305 279 
329 279 
351 279 
474 279 
373 106 
373 366 
183 280 
196 280 
308 280 
329 280 
347 280 
474 280 
490 280 
374 107 
374 366 
183 281 
195 281 
310 281 
329 281 
347 281 
474 281 
487 281 
375 107 
375 366 
173 282 
183 282 
194 282 
346 282 
473 282 
486 282 
376 107 
376 242 
376 366 
173 283 
184 283 
194 283 
473 283 
486 283 
377 107 
377 366 
173 284 
184 284 
194 284 
473 284 
485 284 
495 284 
378 107 
378 366 
172 285 
184 285 
194 285 
473 285 
495 285 
379 107 
379 365 
173 286 
183 286 
194 286 
334 286 
473 286 
495 286 
380 107 
380 365 
194 287 
329 287 
473 287 
495 287 
381 108 
381 365 
195 288 
329 288 
473 288 
494 288 
382 108 
382 365 
195 289 
329 289 
473 289 
493 289 
383 108 
383 365 
173 290 
195 290 
330 290 
473 290 
492 290 
384 108 
384 365 
173 291 
195 291 
329 291 
472 291 
489 291 
385 108 
385 364 
173 292 
195 292 
330 292 
472 292 
486 292 
386 108 
386 364 
174 293 
195 293 
329 293 
483 293 
387 108 
387 364 
174 294 
195 294 
330 294 
388 109 
388 364 
175 295 
196 295 
330 295 
473 295 
494 295 
389 108 
389 364 
176 296 
195 296 
330 296 
473 296 
494 296 
390 109 
390 364 
177 297 
196 297 
330 297 
472 297 
494 297 
391 108 
391 363 
180 298 
195 298 
330 298 
472 298 
494 298 
392 109 
392 363 
330 299 
493 299 
393 108 
393 363 
175 300 
330 300 
493 300 
394 363 
175 301 
330 301 
493 301 
395 363 
175 302 
195 302 
330 302 
493 302 
396 362 
176 303 
196 303 
330 303 
493 303 
397 362 
176 304 
330 304 
493 304 
398 362 
176 305 
330 305 
493 305 
399 362 
176 306 
330 306 
493 306 
400 363 
177 307 
330 307 
493 307 
401 363 
177 308 
330 308 
493 308 
177 309 
330 309 
492 309 
177 310 
330 310 
492 310 
177 311 
330 311 
492 311 
178 312 
330 312 
492 312 
178 313 
330 313 
492 313 
407 112 
178 314 
330 314 
491 314 
408 112 
178 315 
330 315 
491 315 
409 112 
179 316 
330 316 
491 316 
410 112 
179 317 
330 317 
491 317 
411 112 
179 318 
330 318 
490 318 
412 112 
179 319 
330 319 
490 319 
413 112 
413 358 
180 320 
330 320 
490 320 
414 113 
414 358 
180 321 
331 321 
489 321 
415 113 
415 358 
180 322 
331 322 
489 322 
416 114 
416 358 
180 323 
331 323 
489 323 
417 114 
417 358 
181 324 
331 324 
489 324 
418 114 
418 357 
181 325 
331 325 
489 325 
419 114 
419 357 
181 326 
331 326 
488 326 
420 114 
420 357 
182 327 
331 327 
488 327 
421 114 
421 356 
182 328 
331 328 
487 328 
422 115 
422 356 
182 329 
331 329 
487 329 
423 115 
423 356 
183 330 
331 330 
487 330 
424 115 
424 356 
183 331 
331 331 
486 331 
425 116 
425 355 
183 332 
331 332 
486 332 
426 116 
426 355 
183 333 
331 333 
486 333 
427 116 
427 355 
184 334 
331 334 
428 116 
428 355 
184 335 
331 335 
484 335 
429 116 
429 354 
184 336 
331 336 
430 117 
430 354 
184 337 
331 337 
431 117 
431 354 
185 338 
331 338 
432 117 
432 354 
186 339 
331 339 
433 118 
433 353 
187 340 
331 340 
474 340 
434 118 
434 353 
331 341 
471 341 
435 118 
435 353 
331 342 
468 342 
436 118 
436 353 
194 343 
331 343 
466 343 
437 118 
437 352 
197 344 
331 344 
463 344 
438 118 
438 352 
199 345 
331 345 
460 345 
439 118 
439 352 
201 346 
331 346 
457 346 
440 119 
440 351 
204 347 
331 347 
455 347 
441 119 
441 351 
207 348 
331 348 
442 119 
442 351 
210 349 
332 349 
448 349 
443 120 
443 351 
212 350 
331 350 
444 350 
444 120 
444 350 
215 351 
332 351 
441 351 
445 120 
445 350 
217 352 
331 352 
438 352 
446 120 
446 350 
220 353 
332 353 
435 353 
447 120 
447 349 
224 354 
331 354 
432 354 
448 121 
448 230 
448 240 
448 349 
228 355 
332 355 
427 355 
449 121 
449 348 
230 356 
331 356 
424 356 
450 121 
450 348 
233 357 
332 357 
419 357 
451 122 
451 221 
451 251 
451 348 
331 358 
416 358 
452 122 
452 218 
452 254 
452 347 
247 359 
332 359 
453 122 
453 215 
453 257 
453 347 
248 360 
331 360 
454 212 
454 260 
454 347 
253 361 
332 361 
397 361 
455 210 
455 261 
455 347 
256 362 
331 362 
456 208 
456 263 
456 346 
263 363 
332 363 
392 363 
457 207 
457 265 
457 346 
268 364 
331 364 
390 364 
458 206 
458 266 
458 346 
332 365 
459 204 
459 267 
459 345 
287 366 
332 366 
380 366 
460 203 
460 268 
460 345 
461 202 
461 269 
461 344 
462 201 
462 269 
462 344 
463 201 
463 270 
463 344 
464 200 
464 271 
464 343 
465 200 
465 272 
465 343 
466 199 
466 272 
466 343 
467 126 
467 199 
467 273 
467 342 
468 127 
468 199 
468 273 
468 342 
469 127 
469 174 
469 198 
469 274 
469 296 
469 342 
470 128 
470 175 
470 199 
470 275 
470 295 
470 341 
471 128 
471 175 
471 199 
471 275 
471 295 
471 341 
472 128 
472 199 
472 275 
472 341 
473 175 
473 199 
473 340 
474 175 
474 199 
474 340 
475 175 
475 205 
475 295 
475 339 
476 175 
476 295 
476 339 
477 176 
477 294 
477 338 
478 176 
478 294 
478 338 
479 131 
479 176 
479 294 
479 338 
480 132 
480 177 
480 294 
480 337 
481 132 
481 177 
481 294 
481 337 
482 133 
482 177 
482 190 
482 293 
482 337 
483 137 
483 178 
483 191 
483 281 
483 293 
483 336 
484 139 
484 178 
484 280 
484 293 
484 336 
485 143 
485 178 
485 292 
486 147 
486 178 
486 190 
486 292 
487 150 
487 178 
487 190 
487 281 
487 292 
488 154 
488 179 
488 190 
488 281 
488 291 
489 157 
489 180 
489 190 
489 280 
489 291 
489 321 
490 160 
490 180 
490 190 
490 280 
490 291 
490 320 
491 164 
491 180 
491 190 
491 280 
491 290 
492 180 
492 191 
492 279 
492 290 
492 311 
493 180 
493 190 
493 279 
493 290 
493 306 
494 180 
494 191 
494 279 
494 290 
495 191 
495 279 
495 290 
496 191 
496 279 
497 192 
497 278 
502 234 
402 362 
404 361 
406 361 
408 361 
410 360 
411 360 
413 360 
411 360 
328 190 
328 192 
328 195 
328 194 
330 286 
329 284 
329 284 
328 286 
167 238 
168 241 
168 244 
168 246 
170 251 
170 254 
174 300 
174 297 
174 295 
174 294 
174 289 
173 287 
172 280 
172 278 
172 276 
172 274 
172 271 
171 269 
171 267 
171 265 
171 263 
171 260 
171 258 
170 257 
197 299 
168 238 
168 240 
168 241 
169 243 
169 245 
180 237 
179 238 
180 240 
180 241 
180 243 
180 244 
180 245 
180 247 
180 247 
191 237 
190 239 
190 244 
190 242 
190 242 
190 245 
190 246 
190 241 
190 241 
215 240 
215 240 
215 241 
215 242 
215 242 
215 244 
215 238 
170 200 
169 197 
170 198 
170 198 
168 200 
168 200 
169 199 
169 199 
455 124 
458 125 
459 124 
460 125 
461 125 
463 125 
465 127 
467 127 
473 129 
473 130 
474 130 
475 130 
457 122 
456 123 
497 275 
497 278 
497 280 
497 281 
496 282 
496 284 
495 292 
495 292 
494 293 
300 109 
302 109 
305 108 
310 108 
316 108 
316 108 
312 108 
308 108 
304 108 
315 108 
325 107 
327 107 
331 367 
