275 217 
350 217 
376 217 
386 217 
400 217 
275 217 
349 219 
375 219 
386 219 
399 220 
276 219 
349 221 
375 221 
385 222 
399 222 
275 219 
350 223 
375 224 
386 225 
399 226 
275 220 
350 225 
376 227 
386 227 
399 228 
275 220 
350 227 
376 230 
386 230 
399 232 
275 222 
350 229 
376 232 
386 233 
399 234 
275 222 
351 232 
376 235 
386 236 
399 238 
275 223 
351 234 
375 237 
386 239 
399 241 
275 224 
352 236 
375 240 
385 241 
399 243 
275 225 
353 239 
375 243 
385 244 
399 247 
275 226 
355 241 
375 245 
386 247 
399 250 
275 226 
357 244 
375 248 
385 250 
398 253 
275 228 
358 247 
375 251 
385 253 
398 256 
275 228 
361 249 
375 253 
385 255 
398 259 
274 229 
385 259 
396 262 
274 230 
372 258 
391 263 
274 231 
374 261 
386 265 
398 268 
274 231 
374 264 
396 271 
274 233 
374 267 
395 274 
273 232 
373 269 
388 275 
273 234 
373 272 
382 276 
397 281 
273 235 
376 277 
396 285 
272 235 
373 278 
396 288 
272 237 
370 280 
395 291 
272 237 
394 294 
271 238 
394 298 
271 239 
393 300 
271 240 
392 304 
270 240 
392 307 
270 241 
390 310 
269 241 
269 242 
268 243 
268 243 
267 244 
381 324 
267 245 
377 325 
266 246 
373 326 
266 246 
370 327 
265 247 
264 247 
362 330 
264 247 
359 330 
263 249 
355 331 
263 249 
351 332 
262 250 
348 333 
261 250 
345 334 
261 251 
342 335 
260 252 
339 336 
260 252 
336 337 
258 253 
332 337 
258 253 
330 338 
258 253 
327 339 
256 254 
323 340 
256 254 
321 340 
255 255 
318 341 
254 255 
315 342 
254 256 
312 342 
253 256 
309 343 
252 257 
307 344 
252 257 
304 344 
251 257 
302 344 
250 257 
298 345 
250 258 
296 345 
249 258 
293 346 
248 258 
291 346 
247 259 
288 347 
247 259 
286 347 
246 259 
283 347 
245 260 
280 347 
244 260 
278 348 
243 260 
275 348 
242 260 
273 349 
242 261 
271 349 
241 260 
268 349 
240 261 
265 349 
240 261 
263 349 
238 261 
260 349 
238 261 
258 349 
237 262 
256 349 
237 262 
253 350 
235 262 
251 350 
235 262 
249 350 
234 262 
246 350 
233 263 
244 350 
233 263 
242 350 
239 350 
237 350 
235 350 
225 350 
223 350 
220 350 
224 261 
218 350 
224 261 
216 349 
223 261 
214 349 
222 261 
211 349 
221 261 
209 350 
220 260 
207 349 
220 260 
204 349 
219 260 
202 349 
218 260 
199 349 
217 260 
197 349 
217 260 
195 348 
216 259 
192 348 
216 259 
190 348 
214 259 
188 347 
214 259 
185 347 
213 258 
183 347 
213 258 
180 347 
178 346 
211 258 
176 345 
210 257 
173 345 
209 257 
170 345 
209 257 
168 344 
208 256 
165 344 
207 256 
163 343 
206 256 
160 343 
206 255 
158 342 
206 255 
156 342 
205 254 
153 341 
205 254 
150 341 
203 254 
148 340 
203 254 
145 339 
202 253 
142 339 
202 252 
140 337 
200 252 
137 337 
200 252 
135 336 
200 250 
131 335 
199 250 
128 335 
199 250 
126 334 
198 249 
123 333 
198 249 
120 331 
197 248 
117 331 
197 248 
115 330 
197 247 
112 329 
196 246 
109 328 
196 246 
106 327 
194 246 
103 325 
194 245 
100 325 
194 245 
97 323 
193 244 
92 322 
193 244 
90 321 
193 242 
86 320 
192 242 
83 318 
192 241 
81 316 
191 241 
79 313 
191 239 
78 310 
191 239 
77 307 
190 238 
78 303 
190 238 
77 300 
189 238 
77 297 
189 237 
77 293 
189 236 
76 291 
188 235 
96 278 
76 287 
188 235 
94 277 
76 285 
187 234 
90 275 
75 282 
187 233 
95 271 
85 275 
75 279 
187 233 
95 268 
186 231 
95 265 
75 272 
186 231 
94 263 
74 270 
185 230 
94 260 
84 264 
73 267 
185 230 
95 257 
185 229 
84 258 
74 261 
185 228 
106 250 
95 253 
84 255 
72 259 
184 227 
110 246 
93 250 
84 252 
72 255 
184 227 
111 244 
93 248 
84 250 
72 253 
184 226 
112 241 
93 245 
83 248 
72 250 
184 225 
114 239 
93 243 
83 245 
71 247 
183 224 
115 237 
93 241 
83 242 
71 244 
183 224 
115 235 
93 238 
83 239 
71 241 
183 223 
116 232 
93 235 
83 237 
71 239 
183 222 
116 230 
93 233 
83 235 
71 236 
183 221 
116 228 
93 231 
82 232 
71 233 
183 220 
117 226 
92 228 
82 229 
71 230 
183 220 
117 224 
92 226 
82 227 
71 227 
183 219 
118 222 
92 224 
82 224 
71 225 
183 218 
118 220 
92 221 
82 221 
71 222 
183 217 
118 218 
92 219 
82 219 
70 219 
183 217 
118 217 
92 217 
82 217 
71 217 
183 216 
118 215 
93 214 
82 214 
71 214 
183 215 
118 213 
93 212 
83 212 
72 211 
183 214 
118 211 
94 209 
83 209 
72 208 
183 213 
118 209 
94 207 
83 206 
72 206 
183 213 
117 207 
93 205 
83 204 
72 203 
183 212 
116 205 
94 202 
83 201 
72 200 
183 211 
116 203 
94 200 
84 199 
73 197 
183 210 
116 201 
94 198 
84 196 
73 195 
183 209 
116 199 
94 195 
84 194 
73 192 
184 209 
115 196 
94 193 
85 191 
74 189 
184 208 
114 194 
94 190 
86 189 
74 187 
184 207 
113 192 
95 188 
86 186 
75 184 
184 206 
112 189 
95 186 
86 183 
75 181 
184 206 
111 188 
96 184 
86 181 
76 179 
185 205 
101 182 
185 204 
85 176 
77 173 
185 203 
96 176 
86 173 
77 170 
185 203 
98 174 
78 168 
185 202 
98 172 
80 165 
185 201 
97 169 
85 165 
186 200 
98 167 
90 164 
79 159 
186 200 
94 162 
80 156 
186 198 
98 161 
80 153 
187 198 
99 159 
81 151 
187 197 
82 148 
187 196 
82 145 
187 195 
83 143 
188 195 
84 140 
188 194 
86 138 
189 193 
86 134 
189 193 
87 132 
189 192 
190 191 
88 126 
190 191 
190 190 
96 124 
191 189 
99 123 
191 188 
101 120 
191 188 
104 120 
192 186 
108 119 
193 187 
110 117 
193 186 
113 117 
194 185 
115 114 
195 186 
118 113 
121 113 
196 184 
124 112 
125 111 
197 184 
128 111 
130 109 
198 183 
134 109 
199 183 
135 108 
198 182 
137 106 
199 181 
140 105 
200 181 
143 105 
201 181 
145 104 
201 180 
148 103 
202 179 
150 102 
202 179 
152 101 
204 179 
155 101 
204 178 
157 100 
204 178 
159 100 
205 177 
162 99 
206 177 
165 99 
207 177 
167 98 
207 176 
169 97 
208 176 
172 97 
209 176 
174 97 
209 175 
176 96 
211 175 
178 96 
211 174 
181 95 
212 174 
183 95 
213 174 
185 95 
213 173 
188 95 
214 173 
190 95 
215 172 
192 94 
215 172 
194 94 
217 172 
197 93 
217 172 
199 93 
218 171 
201 93 
218 171 
203 93 
219 171 
205 93 
220 171 
208 93 
221 171 
210 93 
222 171 
212 92 
222 171 
214 92 
224 171 
217 92 
224 170 
219 92 
225 171 
221 92 
226 171 
223 92 
225 92 
234 91 
236 91 
239 91 
233 171 
241 91 
233 171 
243 91 
234 171 
245 91 
235 171 
247 91 
236 171 
250 91 
237 172 
252 91 
237 172 
255 91 
238 172 
257 91 
238 172 
259 91 
240 173 
261 92 
240 173 
263 92 
241 173 
266 92 
242 173 
269 91 
243 173 
271 92 
243 173 
273 92 
245 173 
275 93 
245 174 
278 93 
246 174 
280 93 
247 174 
283 93 
248 174 
285 93 
249 175 
288 94 
249 175 
290 94 
250 175 
293 95 
251 176 
295 95 
252 176 
298 96 
252 177 
300 96 
252 177 
302 97 
254 177 
305 97 
254 178 
308 98 
255 178 
310 99 
255 179 
314 99 
257 179 
316 100 
257 179 
319 100 
258 180 
322 101 
259 180 
325 102 
259 180 
326 103 
261 181 
330 103 
260 182 
333 105 
261 183 
336 105 
261 183 
338 106 
262 183 
341 107 
263 184 
344 107 
263 184 
347 109 
264 186 
351 110 
264 186 
353 111 
265 186 
357 111 
266 187 
362 112 
266 187 
364 114 
267 188 
368 115 
267 189 
371 116 
268 190 
375 117 
268 190 
378 119 
269 191 
379 122 
269 192 
380 125 
269 192 
381 127 
270 193 
383 131 
271 193 
384 133 
271 194 
385 137 
271 195 
386 139 
272 196 
387 142 
272 196 
388 145 
273 197 
369 156 
389 148 
273 198 
370 159 
390 151 
274 199 
376 160 
390 154 
274 200 
369 165 
381 161 
392 157 
274 200 
370 167 
385 162 
274 202 
370 170 
391 163 
275 202 
371 173 
381 170 
394 166 
275 203 
371 176 
382 172 
394 169 
275 203 
362 180 
370 178 
275 205 
382 178 
394 175 
275 205 
357 186 
372 183 
382 181 
395 178 
275 207 
355 189 
372 186 
383 183 
396 180 
275 207 
353 192 
373 188 
383 186 
396 184 
275 208 
353 194 
373 191 
384 189 
396 187 
275 209 
352 197 
373 194 
383 192 
397 190 
275 210 
351 199 
374 196 
384 195 
397 193 
275 211 
350 201 
374 198 
384 197 
397 195 
275 211 
350 204 
374 201 
384 200 
398 199 
275 213 
349 206 
374 204 
384 203 
398 201 
275 213 
349 208 
375 206 
384 206 
398 205 
276 214 
349 210 
375 209 
385 208 
398 207 
276 214 
349 212 
375 212 
385 211 
398 211 
276 216 
349 214 
375 214 
385 214 
399 213 
74 186 
75 181 
75 262 
76 176 
76 261 
77 262 
77 272 
78 164 
78 177 
78 262 
78 272 
78 308 
79 177 
79 262 
79 272 
79 307 
80 154 
80 165 
80 177 
80 262 
80 273 
80 313 
81 151 
81 166 
81 177 
81 226 
81 262 
81 273 
81 317 
82 148 
82 165 
82 177 
82 263 
82 273 
82 318 
83 143 
83 165 
83 176 
83 273 
83 319 
84 140 
84 165 
84 175 
84 196 
84 274 
84 319 
85 138 
85 164 
85 176 
85 261 
85 274 
85 319 
86 135 
86 164 
86 275 
86 320 
87 131 
87 164 
87 177 
87 275 
87 320 
88 163 
88 175 
88 275 
88 320 
89 163 
89 275 
89 321 
90 163 
90 275 
90 321 
91 126 
91 163 
91 275 
91 322 
92 125 
92 162 
92 275 
92 322 
93 125 
93 162 
93 276 
93 322 
94 124 
94 161 
94 276 
94 323 
95 124 
95 162 
95 189 
95 254 
95 323 
96 123 
96 161 
96 182 
96 254 
96 274 
96 323 
97 123 
97 162 
97 254 
97 275 
97 324 
98 122 
98 182 
98 254 
98 324 
99 122 
99 163 
99 182 
99 254 
99 324 
100 121 
100 161 
100 182 
100 253 
100 325 
101 121 
101 160 
101 182 
101 253 
101 325 
102 121 
102 182 
102 253 
102 325 
103 120 
103 182 
103 252 
103 326 
229 93 
281 93 
104 119 
104 183 
104 252 
104 326 
229 94 
286 94 
105 119 
105 184 
105 251 
105 327 
229 95 
293 95 
106 119 
106 184 
106 250 
106 327 
229 96 
296 96 
107 118 
107 184 
107 249 
107 327 
173 97 
229 97 
303 97 
108 117 
108 185 
108 248 
108 328 
168 98 
229 98 
306 98 
109 117 
109 186 
109 247 
109 328 
163 99 
229 99 
313 99 
110 117 
110 186 
110 246 
110 329 
160 100 
229 100 
316 100 
111 117 
111 188 
111 244 
111 329 
155 101 
230 101 
321 101 
112 116 
112 190 
112 242 
112 329 
152 102 
229 102 
324 102 
113 116 
113 191 
113 241 
113 330 
147 103 
230 103 
329 103 
114 115 
114 194 
114 238 
114 330 
145 104 
229 104 
332 104 
115 115 
115 197 
115 235 
115 330 
143 105 
229 105 
336 105 
116 115 
116 200 
116 232 
116 331 
140 106 
229 106 
340 106 
117 114 
117 331 
137 107 
229 107 
343 107 
118 113 
118 220 
118 331 
133 108 
229 108 
348 108 
119 113 
119 331 
131 109 
229 109 
351 109 
120 113 
120 332 
128 110 
229 110 
354 110 
121 113 
121 332 
126 111 
229 111 
357 111 
122 113 
122 333 
123 112 
229 112 
360 112 
123 112 
123 333 
120 113 
229 113 
363 113 
124 111 
124 333 
118 114 
229 114 
366 114 
125 111 
125 334 
115 115 
229 115 
368 115 
126 111 
126 334 
112 116 
229 116 
371 116 
127 110 
127 334 
110 117 
229 117 
374 117 
128 110 
128 335 
107 118 
229 118 
376 118 
129 110 
129 335 
105 119 
229 119 
377 119 
130 109 
130 335 
102 120 
229 120 
379 120 
131 109 
131 335 
100 121 
229 121 
379 121 
132 109 
132 335 
98 122 
229 122 
380 122 
133 108 
133 336 
96 123 
229 123 
380 123 
134 107 
134 336 
94 124 
229 124 
380 124 
135 107 
135 336 
91 125 
229 125 
381 125 
136 107 
136 337 
90 126 
229 126 
381 126 
137 107 
137 337 
89 127 
229 127 
382 127 
138 107 
138 337 
88 128 
229 128 
382 128 
139 106 
139 338 
88 129 
229 129 
382 129 
140 105 
140 338 
88 130 
229 130 
383 130 
141 105 
141 338 
88 131 
229 131 
383 131 
142 105 
142 339 
87 132 
229 132 
383 132 
143 105 
143 339 
86 133 
229 133 
384 133 
144 104 
144 339 
86 134 
229 134 
384 134 
145 104 
145 339 
86 135 
229 135 
385 135 
146 103 
146 339 
86 136 
229 136 
385 136 
147 103 
147 340 
85 137 
229 137 
386 137 
148 103 
148 340 
85 138 
229 138 
386 138 
149 103 
149 340 
84 139 
229 139 
386 139 
150 102 
150 341 
84 140 
229 140 
387 140 
151 102 
151 341 
84 141 
229 141 
387 141 
152 101 
152 341 
84 142 
229 142 
387 142 
153 101 
153 341 
83 143 
229 143 
388 143 
154 101 
154 341 
83 144 
229 144 
388 144 
155 101 
155 342 
82 145 
229 145 
388 145 
156 101 
156 342 
82 146 
229 146 
388 146 
157 100 
157 342 
229 147 
389 147 
158 100 
158 343 
82 148 
229 148 
389 148 
159 100 
159 343 
82 149 
229 149 
390 149 
160 99 
160 343 
81 150 
228 150 
390 150 
161 99 
161 343 
81 151 
229 151 
390 151 
162 99 
162 343 
81 152 
228 152 
390 152 
163 99 
163 344 
80 153 
229 153 
390 153 
164 99 
164 344 
80 154 
229 154 
391 154 
165 99 
165 344 
80 155 
229 155 
369 155 
391 155 
166 99 
166 344 
79 156 
229 156 
369 156 
391 156 
167 98 
167 344 
79 157 
229 157 
369 157 
392 157 
168 98 
168 345 
79 158 
99 158 
229 158 
370 158 
392 158 
169 98 
169 344 
79 159 
98 159 
229 159 
375 159 
392 159 
170 97 
170 345 
79 160 
98 160 
229 160 
378 160 
392 160 
171 98 
171 345 
78 161 
97 161 
229 161 
369 161 
381 161 
172 97 
172 345 
78 162 
94 162 
228 162 
369 162 
173 97 
173 345 
78 163 
89 163 
229 163 
369 163 
391 163 
174 97 
174 345 
86 164 
98 164 
228 164 
369 164 
391 164 
175 97 
175 346 
98 165 
229 165 
370 165 
392 165 
176 97 
176 346 
80 166 
98 166 
228 166 
369 166 
393 166 
177 96 
177 346 
79 167 
98 167 
229 167 
370 167 
394 167 
178 96 
178 346 
78 168 
98 168 
229 168 
370 168 
394 168 
179 96 
179 346 
77 169 
98 169 
370 169 
394 169 
180 95 
180 220 
180 347 
77 170 
97 170 
370 170 
382 170 
394 170 
181 96 
181 221 
181 346 
77 171 
98 171 
370 171 
382 171 
394 171 
182 95 
182 222 
182 347 
77 172 
97 172 
371 172 
383 172 
183 95 
183 347 
76 173 
86 173 
98 173 
371 173 
387 173 
184 95 
184 347 
77 174 
86 174 
97 174 
212 174 
371 174 
185 95 
185 231 
185 347 
85 175 
97 175 
211 175 
229 175 
251 175 
372 175 
382 175 
393 175 
186 95 
186 202 
186 232 
186 347 
97 176 
210 176 
229 176 
252 176 
371 176 
381 176 
394 176 
187 95 
187 199 
187 233 
187 347 
79 177 
96 177 
207 177 
229 177 
253 177 
372 177 
382 177 
395 177 
188 95 
188 196 
188 236 
188 347 
78 178 
96 178 
206 178 
229 178 
255 178 
371 178 
382 178 
395 178 
189 95 
189 193 
189 237 
189 348 
76 179 
86 179 
97 179 
205 179 
229 179 
257 179 
370 179 
382 179 
396 179 
190 95 
190 190 
190 240 
190 347 
76 180 
86 180 
97 180 
202 180 
229 180 
258 180 
382 180 
396 180 
191 95 
191 189 
191 241 
191 348 
75 181 
86 181 
201 181 
229 181 
259 181 
369 181 
382 181 
396 181 
192 95 
192 188 
192 242 
192 348 
75 182 
86 182 
101 182 
200 182 
229 182 
260 182 
382 182 
396 182 
193 94 
193 187 
193 243 
193 348 
75 183 
86 183 
199 183 
229 183 
261 183 
361 183 
371 183 
382 183 
396 183 
194 94 
194 186 
194 244 
194 348 
75 184 
86 184 
106 184 
196 184 
229 184 
262 184 
360 184 
372 184 
383 184 
396 184 
195 94 
195 185 
195 245 
195 348 
74 185 
86 185 
96 185 
107 185 
195 185 
229 185 
263 185 
359 185 
372 185 
382 185 
396 185 
196 94 
196 184 
196 247 
196 349 
74 186 
86 186 
95 186 
109 186 
194 186 
229 186 
266 186 
357 186 
373 186 
383 186 
396 186 
197 94 
197 183 
197 249 
197 348 
74 187 
86 187 
95 187 
110 187 
193 187 
229 187 
266 187 
357 187 
372 187 
396 187 
198 93 
198 182 
198 249 
198 349 
74 188 
86 188 
95 188 
111 188 
192 188 
229 188 
266 188 
356 188 
373 188 
383 188 
397 188 
199 93 
199 182 
199 251 
199 349 
74 189 
86 189 
94 189 
112 189 
191 189 
229 189 
267 189 
355 189 
373 189 
384 189 
396 189 
200 93 
200 182 
200 251 
200 349 
74 190 
85 190 
94 190 
113 190 
190 190 
228 190 
268 190 
355 190 
373 190 
384 190 
397 190 
201 93 
201 181 
201 252 
201 349 
74 191 
94 191 
113 191 
189 191 
229 191 
269 191 
354 191 
373 191 
384 191 
397 191 
202 93 
202 180 
202 252 
202 349 
73 192 
85 192 
94 192 
113 192 
189 192 
230 192 
269 192 
354 192 
373 192 
383 192 
397 192 
203 93 
203 179 
203 253 
203 349 
73 193 
84 193 
94 193 
114 193 
189 193 
269 193 
353 193 
374 193 
384 193 
397 193 
204 93 
204 178 
204 254 
204 349 
73 194 
84 194 
94 194 
114 194 
188 194 
270 194 
353 194 
373 194 
383 194 
397 194 
205 93 
205 177 
205 255 
205 349 
73 195 
84 195 
94 195 
114 195 
187 195 
271 195 
352 195 
374 195 
384 195 
397 195 
206 93 
206 178 
206 256 
206 349 
73 196 
84 196 
94 196 
115 196 
187 196 
272 196 
352 196 
374 196 
384 196 
397 196 
207 93 
207 177 
207 256 
207 349 
73 197 
84 197 
94 197 
115 197 
187 197 
273 197 
352 197 
374 197 
384 197 
398 197 
208 93 
208 176 
208 256 
208 349 
73 198 
84 198 
94 198 
115 198 
187 198 
273 198 
351 198 
374 198 
384 198 
397 198 
209 93 
209 175 
209 257 
209 350 
72 199 
84 199 
94 199 
116 199 
186 199 
273 199 
351 199 
374 199 
384 199 
398 199 
210 93 
210 175 
210 257 
210 349 
72 200 
84 200 
94 200 
116 200 
186 200 
274 200 
351 200 
374 200 
384 200 
398 200 
211 92 
211 175 
211 258 
211 349 
72 201 
84 201 
94 201 
116 201 
186 201 
274 201 
350 201 
374 201 
384 201 
398 201 
212 93 
212 174 
212 258 
212 349 
72 202 
83 202 
94 202 
117 202 
185 202 
274 202 
350 202 
374 202 
384 202 
398 202 
213 92 
213 173 
213 259 
213 350 
72 203 
84 203 
94 203 
116 203 
185 203 
275 203 
350 203 
374 203 
384 203 
398 203 
214 92 
214 172 
214 259 
214 349 
72 204 
84 204 
94 204 
117 204 
185 204 
275 204 
350 204 
374 204 
384 204 
398 204 
215 92 
215 173 
215 259 
215 350 
72 205 
84 205 
94 205 
116 205 
185 205 
275 205 
350 205 
374 205 
384 205 
398 205 
216 92 
216 172 
216 260 
216 349 
72 206 
83 206 
93 206 
117 206 
184 206 
275 206 
349 206 
375 206 
384 206 
398 206 
217 92 
217 171 
217 259 
72 207 
84 207 
94 207 
117 207 
184 207 
275 207 
349 207 
374 207 
384 207 
398 207 
218 92 
218 172 
218 260 
218 350 
72 208 
83 208 
94 208 
117 208 
184 208 
275 208 
349 208 
375 208 
385 208 
399 208 
219 92 
219 171 
219 261 
219 350 
72 209 
83 209 
94 209 
118 209 
184 209 
275 209 
348 209 
375 209 
384 209 
398 209 
220 92 
220 171 
220 260 
220 350 
71 210 
83 210 
93 210 
118 210 
183 210 
275 210 
349 210 
375 210 
385 210 
399 210 
221 92 
221 171 
221 261 
221 350 
72 211 
83 211 
94 211 
118 211 
183 211 
275 211 
348 211 
375 211 
385 211 
398 211 
222 92 
222 171 
222 261 
222 350 
71 212 
83 212 
93 212 
118 212 
183 212 
275 212 
349 212 
375 212 
385 212 
399 212 
223 92 
223 171 
223 261 
223 350 
72 213 
82 213 
93 213 
118 213 
183 213 
275 213 
349 213 
375 213 
385 213 
399 213 
224 92 
224 171 
224 261 
224 350 
71 214 
82 214 
93 214 
118 214 
183 214 
276 214 
349 214 
375 214 
385 214 
399 214 
225 92 
225 171 
225 192 
225 261 
225 350 
71 215 
82 215 
93 215 
118 215 
183 215 
275 215 
349 215 
375 215 
385 215 
399 215 
226 92 
226 349 
71 216 
83 216 
93 216 
118 216 
183 216 
276 216 
349 216 
375 216 
386 216 
399 216 
227 93 
227 349 
71 217 
82 217 
92 217 
118 217 
183 217 
275 217 
350 217 
376 217 
386 217 
400 217 
71 218 
82 218 
93 218 
118 218 
183 218 
276 218 
349 218 
375 218 
385 218 
399 218 
71 219 
82 219 
92 219 
118 219 
183 219 
275 219 
349 219 
375 219 
386 219 
399 219 
71 220 
82 220 
93 220 
118 220 
183 220 
275 220 
349 220 
375 220 
386 220 
399 220 
71 221 
82 221 
92 221 
118 221 
183 221 
275 221 
349 221 
375 221 
386 221 
399 221 
232 171 
71 222 
82 222 
93 222 
118 222 
183 222 
275 222 
349 222 
375 222 
385 222 
399 222 
233 92 
233 171 
233 263 
233 350 
71 223 
82 223 
92 223 
118 223 
183 223 
275 223 
350 223 
375 223 
386 223 
399 223 
234 91 
234 171 
234 262 
234 350 
71 224 
82 224 
93 224 
117 224 
183 224 
275 224 
349 224 
375 224 
385 224 
399 224 
235 92 
235 171 
235 262 
235 350 
71 225 
82 225 
92 225 
117 225 
183 225 
275 225 
350 225 
376 225 
386 225 
399 225 
236 92 
236 172 
236 262 
236 350 
71 226 
82 226 
92 226 
117 226 
184 226 
275 226 
350 226 
376 226 
386 226 
399 226 
237 92 
237 171 
237 261 
237 350 
71 227 
82 227 
92 227 
116 227 
184 227 
275 227 
350 227 
376 227 
386 227 
399 227 
238 91 
238 172 
238 262 
238 350 
71 228 
82 228 
92 228 
117 228 
184 228 
275 228 
350 228 
376 228 
385 228 
399 228 
239 92 
239 172 
239 261 
239 350 
71 229 
82 229 
92 229 
116 229 
185 229 
275 229 
350 229 
376 229 
386 229 
399 229 
240 91 
240 172 
240 261 
240 350 
71 230 
82 230 
93 230 
116 230 
185 230 
274 230 
350 230 
376 230 
386 230 
399 230 
241 91 
241 173 
241 261 
241 350 
71 231 
82 231 
93 231 
116 231 
185 231 
274 231 
350 231 
376 231 
386 231 
399 231 
242 91 
242 173 
242 260 
242 350 
71 232 
82 232 
93 232 
116 232 
186 232 
274 232 
351 232 
376 232 
386 232 
399 232 
243 91 
243 173 
243 260 
243 350 
71 233 
82 233 
93 233 
116 233 
187 233 
273 233 
351 233 
376 233 
386 233 
399 233 
244 91 
244 174 
244 260 
244 350 
71 234 
83 234 
93 234 
115 234 
187 234 
273 234 
351 234 
376 234 
386 234 
399 234 
245 91 
245 173 
245 259 
245 350 
71 235 
83 235 
93 235 
115 235 
188 235 
273 235 
352 235 
376 235 
386 235 
399 235 
246 91 
246 174 
246 259 
246 350 
71 236 
83 236 
93 236 
115 236 
188 236 
272 236 
352 236 
375 236 
386 236 
399 236 
247 91 
247 175 
247 259 
247 350 
71 237 
83 237 
93 237 
114 237 
189 237 
272 237 
353 237 
375 237 
386 237 
399 237 
248 91 
248 175 
248 258 
248 350 
71 238 
83 238 
93 238 
114 238 
190 238 
272 238 
353 238 
375 238 
386 238 
399 238 
249 91 
249 175 
249 258 
249 350 
71 239 
83 239 
93 239 
114 239 
191 239 
271 239 
354 239 
375 239 
386 239 
399 239 
250 91 
250 176 
250 258 
250 350 
71 240 
83 240 
93 240 
113 240 
191 240 
270 240 
354 240 
375 240 
385 240 
399 240 
251 91 
251 176 
251 257 
251 350 
71 241 
83 241 
93 241 
113 241 
191 241 
269 241 
355 241 
375 241 
386 241 
398 241 
252 91 
252 176 
252 256 
252 350 
71 242 
83 242 
93 242 
112 242 
192 242 
228 242 
269 242 
355 242 
375 242 
385 242 
399 242 
253 91 
253 177 
253 256 
253 350 
71 243 
84 243 
93 243 
112 243 
193 243 
228 243 
268 243 
356 243 
375 243 
386 243 
398 243 
254 91 
254 178 
254 256 
254 349 
71 244 
83 244 
93 244 
111 244 
194 244 
228 244 
268 244 
357 244 
375 244 
385 244 
399 244 
255 91 
255 178 
255 255 
255 350 
72 245 
84 245 
93 245 
110 245 
195 245 
228 245 
267 245 
357 245 
375 245 
385 245 
399 245 
256 91 
256 179 
256 254 
256 349 
71 246 
83 246 
93 246 
109 246 
196 246 
228 246 
266 246 
358 246 
375 246 
385 246 
399 246 
257 91 
257 179 
257 254 
257 349 
72 247 
84 247 
93 247 
109 247 
197 247 
228 247 
265 247 
358 247 
374 247 
386 247 
398 247 
258 91 
258 180 
258 254 
258 349 
72 248 
83 248 
93 248 
108 248 
198 248 
228 248 
264 248 
359 248 
375 248 
385 248 
399 248 
259 91 
259 181 
259 253 
259 349 
72 249 
84 249 
93 249 
107 249 
198 249 
228 249 
263 249 
360 249 
374 249 
385 249 
398 249 
260 91 
260 182 
260 252 
260 349 
72 250 
84 250 
93 250 
106 250 
200 250 
228 250 
262 250 
361 250 
374 250 
385 250 
399 250 
261 92 
261 183 
261 251 
261 349 
72 251 
84 251 
94 251 
105 251 
200 251 
228 251 
261 251 
363 251 
375 251 
385 251 
398 251 
262 92 
262 184 
262 250 
262 349 
72 252 
84 252 
104 252 
202 252 
228 252 
260 252 
364 252 
375 252 
385 252 
399 252 
263 92 
263 185 
263 249 
263 349 
72 253 
84 253 
101 253 
203 253 
228 253 
259 253 
365 253 
374 253 
385 253 
398 253 
264 92 
264 186 
264 248 
264 349 
72 254 
84 254 
97 254 
204 254 
228 254 
258 254 
366 254 
385 254 
398 254 
265 92 
265 187 
265 247 
265 349 
72 255 
84 255 
95 255 
207 255 
229 255 
257 255 
385 255 
398 255 
266 92 
266 188 
266 246 
266 349 
72 256 
84 256 
95 256 
208 256 
228 256 
254 256 
372 256 
385 256 
398 256 
267 92 
267 189 
267 245 
267 349 
72 257 
84 257 
94 257 
211 257 
229 257 
253 257 
371 257 
385 257 
398 257 
268 92 
268 191 
268 244 
268 349 
73 258 
84 258 
94 258 
250 258 
372 258 
385 258 
398 258 
269 92 
269 191 
269 243 
269 349 
73 259 
84 259 
94 259 
249 259 
373 259 
384 259 
398 259 
270 92 
270 194 
270 242 
270 349 
74 260 
83 260 
94 260 
374 260 
385 260 
397 260 
271 92 
271 195 
271 240 
271 348 
94 261 
374 261 
385 261 
396 261 
272 92 
272 198 
272 238 
272 349 
94 262 
374 262 
273 92 
273 348 
83 263 
94 263 
374 263 
274 93 
274 348 
73 264 
83 264 
95 264 
232 264 
374 264 
387 264 
275 93 
275 348 
73 265 
83 265 
95 265 
231 265 
374 265 
387 265 
276 93 
276 348 
73 266 
95 266 
230 266 
374 266 
385 266 
398 266 
277 93 
277 348 
74 267 
95 267 
229 267 
374 267 
398 267 
278 93 
278 348 
74 268 
95 268 
230 268 
374 268 
398 268 
279 93 
279 348 
74 269 
95 269 
229 269 
374 269 
398 269 
280 93 
75 270 
95 270 
230 270 
373 270 
397 270 
281 93 
75 271 
95 271 
229 271 
373 271 
396 271 
282 93 
282 347 
95 272 
230 272 
373 272 
395 272 
283 93 
283 347 
95 273 
230 273 
372 273 
395 273 
284 93 
284 347 
86 274 
230 274 
372 274 
390 274 
285 94 
285 347 
75 275 
230 275 
286 94 
286 347 
75 276 
94 276 
230 276 
287 94 
287 347 
75 277 
94 277 
230 277 
375 277 
398 277 
288 94 
288 347 
75 278 
95 278 
230 278 
373 278 
397 278 
289 94 
289 346 
75 279 
230 279 
373 279 
397 279 
290 95 
290 347 
75 280 
230 280 
372 280 
397 280 
291 95 
291 346 
75 281 
230 281 
396 281 
292 95 
292 346 
75 282 
230 282 
397 282 
293 95 
293 346 
76 283 
230 283 
396 283 
294 95 
294 345 
76 284 
230 284 
396 284 
295 95 
295 345 
76 285 
230 285 
396 285 
296 96 
296 345 
76 286 
230 286 
396 286 
297 96 
297 345 
76 287 
230 287 
396 287 
298 96 
298 345 
76 288 
230 288 
396 288 
299 96 
299 345 
76 289 
230 289 
396 289 
300 97 
300 345 
77 290 
230 290 
395 290 
301 97 
301 344 
77 291 
230 291 
395 291 
302 97 
302 345 
77 292 
230 292 
395 292 
303 97 
303 344 
77 293 
230 293 
394 293 
304 97 
304 344 
77 294 
230 294 
394 294 
305 97 
305 344 
77 295 
230 295 
394 295 
306 97 
306 343 
77 296 
230 296 
394 296 
307 98 
307 343 
77 297 
230 297 
394 297 
308 98 
308 343 
77 298 
230 298 
393 298 
309 98 
309 343 
77 299 
230 299 
393 299 
310 99 
310 343 
77 300 
230 300 
393 300 
311 99 
311 342 
77 301 
230 301 
393 301 
312 99 
312 342 
77 302 
230 302 
392 302 
313 99 
313 342 
78 303 
230 303 
392 303 
314 99 
314 342 
78 304 
230 304 
392 304 
315 99 
315 341 
78 305 
230 305 
392 305 
316 100 
316 341 
78 306 
230 306 
392 306 
317 100 
317 341 
78 307 
230 307 
392 307 
318 101 
318 341 
77 308 
230 308 
391 308 
319 101 
319 341 
77 309 
230 309 
391 309 
320 101 
320 341 
77 310 
230 310 
391 310 
321 101 
321 340 
78 311 
230 311 
390 311 
322 101 
322 340 
78 312 
230 312 
390 312 
323 102 
323 340 
78 313 
230 313 
390 313 
324 102 
324 339 
79 314 
230 314 
390 314 
325 102 
325 339 
79 315 
230 315 
389 315 
326 103 
326 339 
80 316 
230 316 
389 316 
327 103 
327 339 
82 317 
230 317 
389 317 
328 103 
328 339 
83 318 
230 318 
388 318 
329 103 
329 338 
85 319 
230 319 
388 319 
330 103 
330 338 
88 320 
230 320 
331 104 
331 338 
89 321 
230 321 
332 104 
332 337 
92 322 
230 322 
333 105 
333 337 
95 323 
230 323 
334 105 
334 337 
98 324 
230 324 
335 105 
335 337 
101 325 
230 325 
377 325 
336 105 
336 337 
104 326 
230 326 
337 105 
337 336 
105 327 
230 327 
371 327 
338 106 
338 336 
108 328 
230 328 
366 328 
339 106 
339 336 
111 329 
230 329 
363 329 
340 107 
340 335 
114 330 
230 330 
360 330 
341 107 
341 335 
117 331 
230 331 
357 331 
342 107 
342 335 
120 332 
230 332 
352 332 
343 107 
343 335 
123 333 
230 333 
349 333 
344 107 
344 335 
127 334 
230 334 
344 334 
345 107 
345 334 
129 335 
230 335 
341 335 
346 108 
346 334 
134 336 
230 336 
336 336 
347 108 
347 210 
347 334 
137 337 
230 337 
333 337 
348 109 
348 210 
348 333 
142 338 
230 338 
328 338 
349 109 
349 333 
145 339 
230 339 
327 339 
350 109 
350 204 
350 333 
148 340 
230 340 
320 340 
351 109 
351 199 
351 233 
351 332 
152 341 
230 341 
317 341 
352 109 
352 196 
352 236 
352 332 
156 342 
230 342 
312 342 
353 110 
353 193 
353 237 
353 332 
161 343 
230 343 
309 343 
354 110 
354 190 
354 240 
354 331 
168 344 
230 344 
355 110 
355 189 
355 241 
355 331 
230 345 
299 345 
356 111 
356 188 
356 242 
356 331 
180 346 
230 346 
357 111 
357 187 
357 245 
357 331 
230 347 
358 111 
358 185 
358 246 
358 331 
229 348 
359 112 
359 184 
359 248 
359 330 
360 112 
360 183 
360 249 
360 330 
361 113 
361 183 
361 250 
361 330 
362 113 
362 182 
362 251 
362 330 
363 113 
363 182 
363 252 
363 329 
364 113 
364 181 
364 252 
364 329 
365 114 
365 181 
365 253 
365 329 
366 114 
366 158 
366 181 
366 254 
366 329 
367 115 
367 158 
367 181 
367 255 
367 328 
368 115 
368 158 
368 181 
368 255 
368 328 
369 115 
369 181 
369 256 
369 278 
369 328 
370 115 
370 159 
370 256 
370 278 
370 327 
371 116 
371 158 
371 257 
371 277 
371 327 
372 117 
372 159 
372 182 
372 257 
372 276 
372 327 
373 117 
373 159 
373 326 
374 117 
374 159 
374 277 
374 326 
375 118 
375 159 
375 277 
375 326 
376 118 
376 159 
376 232 
376 277 
376 325 
377 119 
377 160 
377 231 
377 277 
377 325 
378 120 
378 160 
378 231 
378 277 
378 325 
379 122 
379 160 
379 276 
379 325 
380 124 
380 161 
380 174 
380 276 
380 324 
381 126 
381 161 
381 175 
381 276 
381 324 
382 129 
382 161 
382 276 
382 324 
383 131 
383 162 
383 173 
383 263 
383 276 
383 324 
384 134 
384 161 
384 173 
384 275 
384 323 
385 137 
385 162 
385 173 
385 275 
385 323 
386 140 
386 162 
386 173 
386 263 
386 275 
387 143 
387 162 
387 173 
387 264 
387 275 
388 146 
388 163 
388 173 
388 264 
388 275 
389 149 
389 163 
389 173 
389 264 
389 274 
389 313 
390 153 
390 163 
390 173 
390 263 
390 274 
390 310 
391 174 
391 263 
391 274 
391 306 
392 162 
392 173 
392 263 
392 274 
392 302 
393 165 
393 263 
393 274 
393 297 
394 173 
394 263 
394 273 
394 294 
395 175 
395 262 
395 273 
395 287 
396 262 
396 273 
396 284 
397 199 
397 262 
398 204 
398 262 
230 351 
227 351 
228 351 
231 349 
388 322 
399 264 
397 274 
229 261 
227 261 
229 260 
231 261 
228 260 
228 262 
229 265 
232 263 
230 263 
230 260 
230 259 
227 258 
