274 232 
333 232 
358 232 
369 232 
381 232 
274 232 
333 234 
358 234 
369 234 
381 234 
273 234 
333 236 
358 236 
368 237 
381 237 
273 234 
333 237 
358 238 
368 239 
380 240 
273 235 
333 239 
358 241 
368 241 
380 242 
273 235 
333 241 
358 243 
368 244 
380 245 
273 237 
334 243 
358 245 
368 246 
273 237 
334 244 
357 247 
367 248 
380 250 
272 238 
335 246 
357 249 
367 251 
272 238 
335 249 
357 252 
367 254 
272 240 
337 251 
357 255 
367 256 
272 240 
337 253 
357 257 
367 259 
272 241 
339 255 
357 259 
366 261 
378 264 
272 241 
340 257 
356 261 
366 263 
378 266 
271 242 
366 266 
377 269 
271 243 
349 264 
374 271 
271 243 
355 268 
366 271 
377 274 
270 244 
355 270 
365 273 
376 277 
270 245 
355 273 
375 279 
270 246 
355 275 
373 281 
270 246 
354 277 
366 282 
375 285 
269 247 
354 280 
361 283 
374 288 
270 248 
358 284 
374 291 
269 249 
354 285 
373 293 
269 249 
353 287 
373 296 
269 250 
373 299 
269 251 
372 302 
268 252 
372 305 
267 252 
371 307 
267 253 
370 310 
267 254 
369 312 
266 254 
368 316 
266 255 
367 318 
266 255 
366 321 
265 256 
265 257 
264 258 
355 324 
264 258 
352 325 
263 258 
349 326 
263 260 
347 327 
262 259 
344 328 
261 260 
341 329 
261 261 
339 330 
261 261 
336 332 
259 262 
332 332 
259 262 
330 333 
259 262 
328 334 
257 263 
325 335 
258 264 
321 335 
257 264 
319 336 
256 265 
317 337 
256 265 
314 338 
255 265 
312 339 
254 266 
310 339 
254 266 
308 340 
253 266 
304 340 
252 267 
303 341 
251 267 
300 342 
251 267 
297 342 
250 268 
295 342 
249 268 
293 343 
249 268 
290 343 
248 269 
288 344 
248 269 
286 344 
247 270 
284 345 
247 270 
281 345 
245 270 
279 346 
245 270 
277 346 
244 271 
275 346 
244 271 
273 346 
242 271 
270 347 
242 272 
268 347 
241 272 
266 347 
241 272 
264 348 
240 272 
262 348 
239 272 
260 348 
239 272 
258 348 
238 272 
255 348 
238 272 
254 348 
237 273 
252 349 
236 273 
250 349 
235 273 
247 349 
235 272 
245 349 
243 349 
241 349 
239 350 
237 350 
235 350 
233 349 
229 273 
229 273 
228 273 
226 350 
227 273 
224 350 
226 272 
222 350 
225 272 
220 350 
225 272 
218 350 
224 272 
216 350 
224 272 
214 350 
223 271 
212 350 
222 271 
209 350 
221 271 
207 350 
221 271 
205 350 
220 271 
203 350 
219 271 
201 350 
218 271 
199 350 
218 271 
197 349 
218 270 
195 349 
217 270 
192 349 
216 270 
190 349 
216 269 
188 348 
215 269 
186 348 
214 269 
184 348 
213 269 
181 348 
212 269 
179 348 
213 268 
177 347 
211 268 
175 347 
211 268 
172 347 
210 267 
170 346 
210 267 
167 346 
209 267 
165 346 
208 267 
163 346 
208 266 
160 345 
207 266 
158 345 
207 265 
156 344 
206 265 
152 344 
205 265 
150 344 
204 264 
147 343 
204 264 
145 342 
203 264 
142 342 
203 263 
139 342 
202 263 
137 341 
201 262 
134 340 
202 261 
131 340 
201 261 
128 339 
200 260 
125 338 
201 260 
123 338 
201 260 
121 337 
200 259 
118 336 
199 259 
114 335 
199 259 
111 334 
198 258 
108 334 
198 257 
104 333 
197 257 
197 256 
97 331 
197 256 
196 255 
196 254 
195 254 
195 253 
195 252 
194 252 
194 251 
194 250 
194 250 
192 249 
81 304 
192 249 
192 248 
100 289 
192 248 
98 287 
79 295 
192 247 
95 286 
78 293 
191 246 
99 282 
89 286 
77 290 
191 245 
99 279 
84 285 
191 245 
99 277 
79 283 
190 244 
98 274 
76 281 
190 244 
98 272 
87 275 
76 279 
190 242 
106 267 
190 242 
102 266 
87 270 
76 273 
190 242 
111 261 
98 265 
87 267 
75 270 
190 241 
114 258 
97 262 
87 265 
75 267 
190 240 
115 256 
97 260 
87 262 
75 265 
190 239 
117 254 
96 258 
87 259 
74 262 
189 239 
118 252 
96 255 
87 257 
74 259 
189 238 
119 249 
96 253 
86 255 
73 257 
189 238 
119 247 
95 250 
86 251 
73 253 
189 236 
120 245 
95 248 
86 249 
73 250 
189 236 
121 243 
95 246 
86 247 
73 248 
189 235 
121 241 
95 243 
85 244 
73 245 
189 235 
122 239 
95 241 
85 242 
72 243 
189 234 
122 237 
95 239 
85 239 
72 240 
189 233 
121 236 
95 237 
85 237 
72 237 
190 232 
121 234 
95 234 
85 234 
72 235 
190 232 
121 232 
95 232 
85 232 
71 232 
190 231 
122 229 
95 229 
85 229 
72 228 
190 230 
122 227 
95 226 
85 226 
72 226 
190 229 
121 226 
95 224 
85 224 
72 223 
190 228 
121 224 
95 222 
85 221 
72 220 
190 228 
121 222 
95 220 
85 219 
72 218 
190 227 
121 220 
95 217 
85 216 
72 215 
190 227 
121 218 
95 215 
85 214 
72 212 
190 226 
120 216 
95 213 
86 212 
73 210 
190 225 
119 214 
96 210 
86 208 
73 206 
190 224 
118 211 
96 208 
86 206 
73 204 
190 224 
117 209 
96 205 
86 203 
73 201 
191 223 
116 207 
97 203 
87 201 
73 198 
191 223 
114 205 
97 201 
87 198 
73 195 
191 222 
111 202 
97 198 
87 196 
74 192 
191 221 
108 199 
87 193 
75 190 
191 221 
80 189 
192 220 
99 192 
86 188 
75 184 
192 220 
98 189 
87 185 
75 181 
192 219 
98 186 
78 179 
192 218 
98 184 
84 178 
192 217 
99 181 
89 177 
76 172 
192 216 
94 176 
77 169 
192 215 
97 175 
77 167 
193 216 
100 174 
78 164 
193 214 
79 162 
193 214 
79 158 
194 213 
80 155 
194 213 
81 152 
194 212 
81 149 
194 211 
83 147 
194 210 
195 210 
195 209 
196 209 
196 208 
92 135 
197 207 
95 133 
197 207 
98 132 
197 206 
198 206 
198 205 
108 129 
199 204 
111 129 
200 205 
113 127 
200 204 
117 126 
201 203 
121 126 
201 203 
123 125 
200 204 
124 125 
201 203 
127 124 
201 202 
130 123 
201 202 
132 122 
202 201 
136 122 
203 201 
138 121 
203 200 
141 120 
204 200 
144 120 
204 200 
146 119 
205 199 
148 118 
205 198 
151 118 
206 197 
154 117 
206 197 
156 117 
207 197 
158 116 
208 197 
161 116 
208 196 
163 115 
209 196 
166 115 
209 196 
168 114 
211 195 
171 114 
210 194 
173 114 
212 194 
176 113 
212 194 
178 113 
213 193 
180 113 
213 193 
182 112 
215 193 
185 112 
215 192 
187 112 
216 192 
189 112 
216 192 
192 112 
217 192 
194 112 
217 191 
196 112 
218 191 
198 112 
219 191 
200 111 
219 191 
202 111 
220 191 
205 111 
221 191 
207 111 
222 190 
209 111 
222 190 
212 111 
223 190 
214 111 
224 190 
216 111 
225 189 
218 111 
225 189 
226 189 
222 111 
227 189 
224 111 
228 190 
226 111 
229 112 
235 112 
237 112 
239 112 
241 112 
243 112 
245 112 
248 112 
236 190 
250 112 
237 190 
252 112 
238 190 
254 112 
238 190 
256 112 
239 190 
259 112 
240 190 
261 113 
240 190 
263 113 
241 191 
265 113 
242 191 
267 113 
243 191 
269 114 
243 191 
272 114 
244 191 
274 114 
245 191 
276 115 
246 192 
278 115 
246 192 
281 115 
247 192 
283 116 
247 193 
285 116 
249 193 
249 194 
250 194 
251 194 
251 195 
252 195 
252 195 
253 196 
254 196 
307 121 
255 197 
309 122 
255 197 
311 123 
256 197 
313 124 
257 198 
316 124 
257 198 
319 125 
258 199 
322 125 
259 199 
324 126 
258 200 
327 127 
260 201 
330 128 
260 200 
331 129 
260 200 
333 130 
261 202 
337 130 
261 202 
340 132 
261 203 
343 132 
262 204 
345 134 
263 203 
349 134 
263 205 
352 135 
264 205 
354 137 
264 205 
357 138 
265 206 
360 139 
265 207 
266 208 
368 141 
266 208 
370 143 
266 209 
371 146 
267 210 
372 149 
267 210 
373 152 
267 211 
267 211 
374 157 
268 213 
375 160 
268 213 
268 214 
354 176 
268 215 
356 178 
376 169 
269 215 
359 178 
269 216 
355 183 
363 180 
270 217 
355 185 
367 181 
270 217 
355 188 
270 218 
356 190 
270 219 
356 192 
367 189 
271 220 
356 195 
368 192 
271 220 
349 199 
271 221 
367 197 
379 194 
271 222 
342 205 
356 202 
367 199 
380 196 
271 222 
341 207 
357 204 
367 202 
380 199 
272 223 
339 210 
358 206 
368 204 
380 202 
272 223 
338 212 
358 208 
368 207 
381 204 
272 225 
337 214 
357 211 
368 209 
381 207 
272 225 
336 216 
358 213 
368 212 
381 210 
272 226 
336 218 
357 216 
368 215 
381 213 
273 226 
335 220 
358 218 
368 217 
381 216 
273 228 
335 222 
358 220 
368 219 
381 218 
273 228 
335 224 
358 222 
369 222 
381 221 
273 229 
334 226 
358 225 
369 224 
381 223 
273 229 
333 227 
358 227 
369 226 
381 226 
273 231 
333 229 
358 229 
369 229 
381 229 
70 233 
75 189 
75 273 
76 189 
76 274 
76 283 
77 167 
77 179 
77 189 
77 274 
77 284 
78 162 
78 179 
78 189 
78 273 
78 283 
78 296 
79 158 
79 179 
79 189 
79 274 
79 284 
79 297 
80 154 
80 179 
80 189 
80 274 
80 284 
80 304 
81 178 
81 188 
81 274 
81 284 
81 305 
82 179 
82 188 
82 274 
82 284 
83 178 
83 188 
83 274 
83 284 
84 140 
84 178 
84 188 
84 274 
84 284 
85 139 
85 178 
85 188 
85 274 
85 284 
86 138 
86 178 
86 274 
86 285 
87 137 
87 178 
87 285 
88 137 
88 177 
88 188 
88 272 
88 285 
88 328 
89 136 
89 177 
89 188 
89 273 
89 285 
89 329 
90 136 
90 177 
90 273 
90 285 
90 329 
91 136 
91 177 
91 286 
91 330 
92 135 
92 177 
92 286 
92 330 
93 135 
93 176 
93 221 
93 286 
94 134 
94 176 
94 286 
95 134 
95 176 
95 286 
96 133 
96 175 
96 287 
96 331 
97 133 
97 176 
97 265 
97 287 
97 331 
98 133 
98 332 
99 132 
99 266 
99 332 
100 132 
100 176 
100 193 
100 266 
100 286 
100 332 
101 132 
101 176 
101 194 
101 266 
101 287 
101 332 
102 131 
102 175 
102 195 
102 266 
102 287 
102 332 
103 131 
103 195 
103 266 
103 333 
104 131 
104 196 
104 265 
104 333 
105 130 
105 196 
105 265 
105 333 
106 130 
106 197 
106 265 
106 333 
107 130 
107 198 
107 264 
107 334 
108 129 
108 198 
108 264 
108 334 
109 129 
109 199 
109 263 
109 334 
110 129 
110 200 
110 262 
110 334 
232 114 
111 128 
111 201 
111 261 
111 334 
167 115 
232 115 
112 128 
112 202 
112 260 
112 335 
160 116 
232 116 
284 116 
113 128 
113 203 
113 259 
113 335 
155 117 
232 117 
114 127 
114 204 
114 259 
114 335 
150 118 
232 118 
115 127 
115 206 
115 257 
115 336 
145 119 
232 119 
116 127 
116 208 
116 256 
116 336 
140 120 
232 120 
117 126 
117 209 
117 253 
117 336 
139 121 
232 121 
305 121 
118 126 
118 212 
118 252 
118 337 
134 122 
232 122 
310 122 
119 126 
119 213 
119 247 
119 337 
131 123 
232 123 
313 123 
120 126 
120 246 
120 337 
126 124 
232 124 
316 124 
121 125 
121 338 
123 125 
232 125 
319 125 
122 125 
122 338 
118 126 
232 126 
324 126 
123 125 
123 227 
123 237 
123 338 
115 127 
232 127 
327 127 
124 125 
124 225 
124 338 
112 128 
232 128 
330 128 
125 124 
125 338 
109 129 
232 129 
333 129 
126 124 
126 339 
106 130 
232 130 
336 130 
127 124 
127 339 
103 131 
232 131 
339 131 
128 123 
128 339 
100 132 
232 132 
342 132 
129 123 
129 339 
97 133 
232 133 
345 133 
130 123 
130 339 
94 134 
232 134 
348 134 
131 123 
131 340 
93 135 
232 135 
351 135 
132 123 
132 340 
90 136 
232 136 
354 136 
133 122 
133 340 
232 137 
355 137 
134 122 
134 340 
232 138 
135 122 
135 340 
86 139 
232 139 
361 139 
136 121 
136 341 
85 140 
232 140 
137 121 
137 341 
84 141 
232 141 
138 121 
138 341 
84 142 
232 142 
139 121 
139 342 
84 143 
232 143 
369 143 
140 121 
140 342 
83 144 
232 144 
370 144 
141 120 
141 342 
83 145 
232 145 
371 145 
142 120 
142 342 
83 146 
232 146 
371 146 
143 120 
143 342 
82 147 
232 147 
371 147 
144 119 
144 342 
82 148 
232 148 
372 148 
145 119 
145 342 
82 149 
232 149 
372 149 
146 119 
146 343 
81 150 
232 150 
372 150 
147 119 
147 343 
81 151 
232 151 
372 151 
148 119 
148 343 
81 152 
232 152 
372 152 
149 118 
149 343 
81 153 
231 153 
373 153 
150 118 
150 344 
80 154 
232 154 
373 154 
151 118 
151 344 
80 155 
231 155 
373 155 
152 118 
152 344 
80 156 
232 156 
374 156 
153 118 
153 344 
80 157 
231 157 
374 157 
154 117 
154 344 
79 158 
232 158 
374 158 
155 117 
155 344 
79 159 
231 159 
374 159 
156 117 
156 344 
79 160 
232 160 
374 160 
157 116 
157 344 
79 161 
231 161 
158 117 
158 345 
78 162 
231 162 
375 162 
159 116 
159 345 
78 163 
231 163 
160 116 
160 345 
78 164 
231 164 
161 116 
161 345 
78 165 
231 165 
162 116 
162 345 
77 166 
231 166 
163 116 
163 346 
77 167 
231 167 
164 115 
164 346 
77 168 
231 168 
165 115 
165 346 
77 169 
231 169 
166 115 
166 346 
77 170 
231 170 
167 115 
167 346 
77 171 
231 171 
168 115 
168 346 
77 172 
231 172 
169 114 
169 346 
76 173 
99 173 
231 173 
170 114 
170 346 
76 174 
98 174 
231 174 
377 174 
171 114 
171 346 
76 175 
98 175 
231 175 
377 175 
172 114 
172 347 
76 176 
231 176 
355 176 
173 114 
173 347 
231 177 
355 177 
174 114 
174 347 
99 178 
231 178 
356 178 
175 114 
175 347 
99 179 
231 179 
359 179 
176 113 
176 347 
78 180 
99 180 
231 180 
364 180 
177 113 
177 348 
76 181 
99 181 
231 181 
355 181 
178 113 
178 348 
75 182 
99 182 
231 182 
355 182 
179 113 
179 348 
75 183 
98 183 
231 183 
355 183 
180 113 
180 348 
75 184 
99 184 
231 184 
355 184 
181 113 
181 348 
75 185 
87 185 
98 185 
231 185 
355 185 
182 113 
182 348 
75 186 
87 186 
98 186 
232 186 
355 186 
183 112 
183 348 
86 187 
98 187 
231 187 
355 187 
184 112 
184 348 
98 188 
355 188 
380 188 
185 112 
185 348 
98 189 
356 189 
367 189 
380 189 
186 112 
186 237 
186 348 
76 190 
98 190 
356 190 
367 190 
379 190 
187 112 
187 237 
187 348 
75 191 
88 191 
98 191 
356 191 
368 191 
379 191 
188 112 
188 238 
188 349 
74 192 
87 192 
99 192 
356 192 
189 112 
189 348 
74 193 
88 193 
99 193 
215 193 
356 193 
190 112 
190 349 
74 194 
87 194 
100 194 
214 194 
232 194 
252 194 
356 194 
379 194 
191 112 
191 349 
73 195 
87 195 
103 195 
211 195 
231 195 
253 195 
356 195 
367 195 
379 195 
192 112 
192 248 
192 349 
73 196 
87 196 
104 196 
210 196 
232 196 
254 196 
356 196 
367 196 
380 196 
193 112 
193 215 
193 251 
193 349 
73 197 
87 197 
106 197 
207 197 
231 197 
255 197 
356 197 
367 197 
380 197 
194 112 
194 214 
194 252 
194 349 
73 198 
87 198 
97 198 
108 198 
206 198 
232 198 
256 198 
354 198 
367 198 
380 198 
195 112 
195 211 
195 254 
195 349 
73 199 
87 199 
97 199 
109 199 
205 199 
231 199 
257 199 
354 199 
367 199 
380 199 
196 112 
196 208 
196 254 
196 349 
73 200 
87 200 
97 200 
110 200 
204 200 
232 200 
259 200 
367 200 
380 200 
197 112 
197 207 
197 257 
197 350 
73 201 
87 201 
97 201 
111 201 
203 201 
232 201 
260 201 
367 201 
380 201 
198 112 
198 206 
198 258 
198 349 
73 202 
87 202 
97 202 
112 202 
202 202 
232 202 
261 202 
346 202 
356 202 
367 202 
380 202 
199 112 
199 205 
199 259 
199 350 
73 203 
86 203 
96 203 
113 203 
201 203 
232 203 
263 203 
345 203 
357 203 
367 203 
381 203 
200 111 
200 204 
200 260 
200 350 
73 204 
87 204 
97 204 
114 204 
200 204 
232 204 
263 204 
343 204 
357 204 
368 204 
380 204 
201 112 
201 203 
201 261 
201 350 
73 205 
86 205 
96 205 
114 205 
199 205 
232 205 
264 205 
342 205 
358 205 
368 205 
381 205 
202 111 
202 202 
202 262 
202 350 
73 206 
87 206 
97 206 
115 206 
198 206 
232 206 
264 206 
342 206 
357 206 
368 206 
380 206 
203 112 
203 201 
203 263 
203 350 
73 207 
86 207 
96 207 
116 207 
197 207 
232 207 
265 207 
341 207 
358 207 
368 207 
381 207 
204 111 
204 200 
204 264 
204 350 
73 208 
86 208 
96 208 
116 208 
196 208 
232 208 
266 208 
341 208 
357 208 
368 208 
380 208 
205 111 
205 199 
205 265 
205 350 
73 209 
86 209 
96 209 
117 209 
195 209 
232 209 
267 209 
340 209 
358 209 
368 209 
381 209 
206 111 
206 198 
206 265 
206 350 
73 210 
86 210 
96 210 
117 210 
194 210 
232 210 
267 210 
339 210 
357 210 
368 210 
381 210 
207 111 
207 197 
207 265 
207 350 
72 211 
86 211 
96 211 
118 211 
194 211 
267 211 
338 211 
358 211 
368 211 
381 211 
208 111 
208 196 
208 266 
208 350 
73 212 
86 212 
96 212 
119 212 
194 212 
268 212 
338 212 
357 212 
368 212 
381 212 
209 111 
209 195 
209 267 
209 350 
72 213 
86 213 
96 213 
119 213 
193 213 
268 213 
338 213 
358 213 
368 213 
381 213 
210 111 
210 195 
210 268 
210 350 
73 214 
86 214 
95 214 
119 214 
193 214 
268 214 
337 214 
357 214 
369 214 
381 214 
211 111 
211 195 
211 268 
211 350 
73 215 
85 215 
95 215 
120 215 
193 215 
269 215 
337 215 
358 215 
368 215 
381 215 
212 111 
212 194 
212 268 
212 350 
73 216 
85 216 
95 216 
120 216 
192 216 
269 216 
337 216 
357 216 
369 216 
381 216 
213 111 
213 193 
213 269 
213 350 
72 217 
85 217 
95 217 
120 217 
192 217 
270 217 
336 217 
358 217 
368 217 
381 217 
214 111 
214 193 
214 269 
214 350 
73 218 
85 218 
95 218 
121 218 
192 218 
270 218 
335 218 
358 218 
369 218 
381 218 
215 111 
215 193 
215 269 
215 350 
72 219 
85 219 
95 219 
121 219 
192 219 
270 219 
335 219 
358 219 
368 219 
381 219 
216 111 
216 192 
216 270 
216 350 
72 220 
85 220 
95 220 
121 220 
191 220 
270 220 
335 220 
358 220 
369 220 
381 220 
217 111 
217 191 
217 270 
217 350 
72 221 
85 221 
94 221 
121 221 
191 221 
271 221 
335 221 
358 221 
368 221 
381 221 
218 111 
218 191 
218 270 
218 350 
72 222 
85 222 
95 222 
121 222 
191 222 
271 222 
335 222 
358 222 
369 222 
381 222 
219 111 
219 191 
219 271 
219 350 
72 223 
85 223 
95 223 
122 223 
191 223 
271 223 
335 223 
358 223 
368 223 
381 223 
220 111 
220 190 
220 271 
220 350 
72 224 
85 224 
95 224 
121 224 
190 224 
272 224 
335 224 
358 224 
369 224 
381 224 
221 111 
221 191 
221 271 
221 350 
72 225 
85 225 
95 225 
122 225 
190 225 
272 225 
334 225 
358 225 
368 225 
381 225 
222 111 
222 190 
222 271 
222 350 
72 226 
85 226 
95 226 
121 226 
190 226 
272 226 
334 226 
358 226 
369 226 
381 226 
223 111 
223 190 
223 271 
223 350 
72 227 
85 227 
95 227 
122 227 
190 227 
273 227 
334 227 
358 227 
368 227 
381 227 
224 111 
224 190 
224 272 
224 350 
72 228 
85 228 
95 228 
122 228 
190 228 
273 228 
333 228 
358 228 
369 228 
381 228 
225 111 
225 189 
225 272 
225 350 
72 229 
85 229 
95 229 
122 229 
190 229 
273 229 
333 229 
358 229 
369 229 
381 229 
226 111 
226 190 
226 272 
226 350 
71 230 
85 230 
95 230 
121 230 
190 230 
273 230 
333 230 
358 230 
369 230 
381 230 
227 111 
227 189 
227 273 
227 350 
71 231 
85 231 
95 231 
122 231 
190 231 
273 231 
333 231 
358 231 
369 231 
381 231 
228 111 
228 190 
228 273 
228 349 
71 232 
85 232 
95 232 
121 232 
190 232 
274 232 
333 232 
358 232 
369 232 
381 232 
229 112 
229 273 
71 233 
85 233 
95 233 
121 233 
189 233 
273 233 
333 233 
358 233 
369 233 
381 233 
71 234 
85 234 
95 234 
121 234 
189 234 
273 234 
333 234 
358 234 
369 234 
381 234 
72 235 
85 235 
95 235 
122 235 
189 235 
273 235 
333 235 
358 235 
369 235 
381 235 
72 236 
85 236 
95 236 
121 236 
189 236 
273 236 
333 236 
358 236 
369 236 
381 236 
233 349 
72 237 
85 237 
95 237 
122 237 
189 237 
273 237 
333 237 
358 237 
368 237 
381 237 
234 190 
234 349 
72 238 
85 238 
95 238 
121 238 
189 238 
272 238 
333 238 
358 238 
369 238 
380 238 
235 112 
235 190 
235 254 
235 273 
235 350 
72 239 
85 239 
95 239 
122 239 
189 239 
272 239 
333 239 
358 239 
368 239 
380 239 
236 112 
236 190 
236 273 
236 350 
73 240 
85 240 
95 240 
121 240 
190 240 
272 240 
333 240 
358 240 
368 240 
380 240 
237 112 
237 190 
237 273 
237 350 
72 241 
85 241 
95 241 
121 241 
190 241 
272 241 
334 241 
358 241 
368 241 
380 241 
238 112 
238 190 
238 272 
238 349 
73 242 
85 242 
95 242 
121 242 
190 242 
272 242 
334 242 
357 242 
368 242 
380 242 
239 112 
239 190 
239 272 
239 350 
73 243 
86 243 
95 243 
121 243 
190 243 
271 243 
334 243 
358 243 
368 243 
380 243 
240 112 
240 190 
240 272 
240 349 
73 244 
86 244 
95 244 
121 244 
190 244 
270 244 
334 244 
357 244 
368 244 
380 244 
241 112 
241 191 
241 272 
241 349 
73 245 
86 245 
95 245 
120 245 
191 245 
270 245 
334 245 
358 245 
368 245 
380 245 
242 112 
242 191 
242 272 
242 349 
73 246 
86 246 
95 246 
120 246 
191 246 
270 246 
335 246 
357 246 
368 246 
380 246 
243 112 
243 191 
243 271 
243 349 
73 247 
86 247 
95 247 
120 247 
191 247 
270 247 
335 247 
357 247 
368 247 
380 247 
244 112 
244 191 
244 271 
244 349 
73 248 
86 248 
95 248 
119 248 
192 248 
269 248 
335 248 
357 248 
367 248 
380 248 
245 112 
245 191 
245 271 
245 349 
73 249 
86 249 
96 249 
119 249 
193 249 
268 249 
336 249 
357 249 
367 249 
380 249 
246 112 
246 192 
246 270 
246 349 
73 250 
86 250 
95 250 
119 250 
194 250 
268 250 
336 250 
357 250 
367 250 
380 250 
247 112 
247 193 
247 269 
247 349 
73 251 
86 251 
96 251 
118 251 
194 251 
268 251 
337 251 
357 251 
367 251 
380 251 
248 112 
248 193 
248 269 
248 349 
73 252 
87 252 
95 252 
117 252 
194 252 
267 252 
337 252 
357 252 
367 252 
380 252 
249 112 
249 193 
249 268 
249 349 
73 253 
86 253 
96 253 
117 253 
195 253 
233 253 
267 253 
338 253 
357 253 
367 253 
380 253 
250 112 
250 194 
250 268 
250 349 
73 254 
87 254 
96 254 
117 254 
196 254 
232 254 
266 254 
338 254 
357 254 
367 254 
251 112 
251 195 
251 267 
251 349 
73 255 
87 255 
96 255 
116 255 
196 255 
232 255 
265 255 
339 255 
357 255 
367 255 
379 255 
252 112 
252 196 
252 267 
252 349 
73 256 
87 256 
96 256 
116 256 
196 256 
232 256 
265 256 
339 256 
357 256 
367 256 
253 112 
253 195 
253 266 
253 348 
74 257 
87 257 
96 257 
115 257 
197 257 
232 257 
265 257 
340 257 
357 257 
366 257 
254 112 
254 196 
254 266 
254 349 
74 258 
87 258 
97 258 
114 258 
198 258 
232 258 
264 258 
340 258 
357 258 
367 258 
255 112 
255 197 
255 265 
255 348 
74 259 
87 259 
97 259 
113 259 
199 259 
232 259 
263 259 
341 259 
357 259 
366 259 
379 259 
256 112 
256 198 
256 264 
256 348 
74 260 
87 260 
97 260 
112 260 
200 260 
232 260 
262 260 
343 260 
357 260 
366 260 
257 112 
257 199 
257 264 
257 348 
74 261 
87 261 
97 261 
111 261 
201 261 
232 261 
261 261 
345 261 
356 261 
366 261 
379 261 
258 113 
258 200 
258 263 
258 348 
74 262 
87 262 
97 262 
110 262 
202 262 
232 262 
260 262 
346 262 
366 262 
378 262 
259 112 
259 201 
259 263 
259 348 
74 263 
87 263 
98 263 
109 263 
203 263 
232 263 
259 263 
366 263 
260 113 
260 202 
260 262 
260 348 
75 264 
87 264 
108 264 
206 264 
232 264 
257 264 
353 264 
366 264 
378 264 
261 112 
261 202 
261 261 
261 348 
75 265 
87 265 
207 265 
232 265 
255 265 
353 265 
366 265 
378 265 
262 113 
262 204 
262 260 
262 348 
75 266 
87 266 
102 266 
208 266 
232 266 
254 266 
354 266 
365 266 
378 266 
263 113 
263 205 
263 259 
263 348 
75 267 
87 267 
99 267 
211 267 
232 267 
253 267 
355 267 
365 267 
378 267 
264 113 
264 206 
264 258 
264 348 
75 268 
87 268 
98 268 
214 268 
232 268 
250 268 
355 268 
365 268 
377 268 
265 113 
265 207 
265 255 
265 348 
75 269 
88 269 
98 269 
217 269 
232 269 
247 269 
356 269 
375 269 
266 113 
266 210 
266 254 
266 347 
75 270 
87 270 
98 270 
355 270 
267 114 
267 213 
267 253 
267 347 
76 271 
88 271 
98 271 
355 271 
268 113 
268 214 
268 252 
268 347 
76 272 
87 272 
98 272 
355 272 
366 272 
377 272 
269 114 
269 217 
269 244 
269 252 
269 347 
98 273 
355 273 
366 273 
377 273 
270 114 
270 220 
270 244 
270 347 
98 274 
355 274 
376 274 
271 114 
271 223 
271 346 
86 275 
98 275 
233 275 
355 275 
376 275 
272 114 
272 347 
76 276 
87 276 
99 276 
232 276 
355 276 
376 276 
273 114 
273 346 
76 277 
99 277 
232 277 
354 277 
376 277 
274 114 
274 234 
274 346 
76 278 
99 278 
232 278 
354 278 
375 278 
275 114 
275 233 
275 346 
76 279 
99 279 
232 279 
354 279 
374 279 
276 115 
276 233 
276 346 
76 280 
99 280 
232 280 
354 280 
373 280 
277 115 
277 234 
277 346 
77 281 
99 281 
232 281 
354 281 
278 115 
278 346 
78 282 
99 282 
232 282 
354 282 
366 282 
279 115 
279 346 
79 283 
99 283 
232 283 
375 283 
280 115 
280 345 
84 284 
99 284 
232 284 
358 284 
375 284 
281 116 
281 345 
89 285 
232 285 
355 285 
375 285 
282 116 
282 345 
232 286 
354 286 
374 286 
283 116 
283 345 
77 287 
98 287 
232 287 
353 287 
374 287 
284 116 
284 345 
77 288 
98 288 
232 288 
374 288 
285 116 
285 344 
77 289 
99 289 
232 289 
374 289 
286 116 
286 344 
77 290 
99 290 
232 290 
374 290 
287 344 
78 291 
232 291 
374 291 
288 344 
78 292 
232 292 
373 292 
289 344 
78 293 
232 293 
373 293 
290 343 
79 294 
232 294 
291 343 
79 295 
232 295 
373 295 
292 343 
79 296 
232 296 
372 296 
293 343 
79 297 
232 297 
294 343 
79 298 
232 298 
372 298 
295 342 
79 299 
232 299 
372 299 
296 342 
80 300 
232 300 
372 300 
297 342 
80 301 
232 301 
372 301 
298 342 
80 302 
231 302 
372 302 
299 342 
80 303 
231 303 
372 303 
300 342 
81 304 
231 304 
301 342 
81 305 
231 305 
372 305 
302 341 
81 306 
231 306 
303 341 
81 307 
231 307 
304 121 
304 341 
81 308 
231 308 
305 121 
305 340 
82 309 
231 309 
370 309 
306 121 
306 340 
82 310 
231 310 
370 310 
307 122 
307 340 
82 311 
231 311 
370 311 
308 122 
308 340 
82 312 
231 312 
370 312 
309 122 
309 340 
83 313 
231 313 
369 313 
310 122 
310 339 
83 314 
231 314 
369 314 
311 122 
311 338 
231 315 
368 315 
312 123 
312 338 
83 316 
231 316 
368 316 
313 123 
313 338 
84 317 
231 317 
367 317 
314 123 
314 338 
231 318 
367 318 
315 124 
315 338 
231 319 
366 319 
316 124 
316 337 
84 320 
231 320 
364 320 
317 124 
317 337 
85 321 
231 321 
363 321 
318 124 
231 322 
319 125 
319 336 
86 323 
231 323 
357 323 
320 125 
320 336 
231 324 
354 324 
321 125 
321 336 
86 325 
231 325 
352 325 
322 126 
322 335 
231 326 
349 326 
323 126 
323 335 
231 327 
347 327 
324 126 
324 335 
231 328 
344 328 
325 126 
325 334 
90 329 
231 329 
341 329 
326 127 
326 334 
231 330 
339 330 
327 127 
327 334 
231 331 
336 331 
328 128 
328 334 
100 332 
231 332 
333 332 
329 128 
329 334 
106 333 
231 333 
330 333 
330 128 
330 333 
109 334 
231 334 
326 334 
331 128 
331 333 
113 335 
231 335 
323 335 
332 129 
332 238 
332 333 
116 336 
231 336 
320 336 
333 129 
333 332 
119 337 
231 337 
317 337 
334 129 
334 332 
124 338 
231 338 
312 338 
335 130 
335 221 
335 247 
335 332 
129 339 
231 339 
309 339 
336 130 
336 216 
336 250 
336 331 
132 340 
231 340 
306 340 
337 130 
337 213 
337 253 
337 331 
139 341 
231 341 
303 341 
338 131 
338 212 
338 254 
338 331 
142 342 
231 342 
298 342 
339 131 
339 210 
339 256 
339 330 
149 343 
231 343 
340 131 
340 208 
340 257 
340 330 
154 344 
231 344 
288 344 
341 132 
341 207 
341 259 
341 330 
161 345 
231 345 
281 345 
342 132 
342 206 
342 259 
342 329 
166 346 
231 346 
276 346 
343 132 
343 204 
343 260 
343 328 
231 347 
344 133 
344 203 
344 261 
344 328 
231 348 
345 133 
345 202 
345 261 
345 328 
346 133 
346 201 
346 262 
346 327 
347 134 
347 201 
347 262 
347 327 
348 134 
348 201 
348 263 
348 327 
349 134 
349 200 
349 264 
349 326 
350 135 
350 200 
350 264 
350 326 
351 135 
351 200 
351 264 
351 285 
351 326 
352 136 
352 200 
352 264 
352 285 
352 325 
353 136 
353 179 
353 200 
353 264 
353 284 
353 324 
354 136 
354 199 
354 265 
354 324 
355 137 
355 284 
355 324 
356 137 
356 284 
356 323 
357 138 
357 178 
357 284 
357 323 
358 138 
358 179 
358 284 
358 323 
359 138 
359 178 
359 284 
359 322 
360 139 
360 179 
360 283 
360 322 
361 139 
361 179 
361 283 
361 322 
362 140 
362 180 
362 283 
362 321 
363 140 
363 180 
363 270 
363 282 
363 320 
364 141 
364 180 
364 270 
364 282 
364 320 
365 141 
365 180 
365 191 
365 270 
365 282 
365 320 
366 141 
366 181 
366 282 
366 320 
367 181 
367 270 
367 282 
368 181 
368 192 
368 271 
368 281 
368 310 
369 143 
369 182 
369 192 
369 270 
369 281 
369 307 
370 147 
370 182 
370 192 
370 270 
370 281 
370 305 
371 182 
371 192 
371 270 
371 280 
371 301 
372 183 
372 193 
372 270 
373 182 
373 193 
373 270 
374 193 
375 193 
376 193 
376 272 
295 119 
288 119 
295 120 
292 119 
292 119 
298 120 
290 117 
300 121 
374 164 
375 168 
374 165 
377 175 
377 179 
377 183 
377 185 
377 174 
375 171 
378 184 
380 184 
377 174 
232 216 
234 221 
232 227 
234 234 
234 242 
233 244 
232 240 
231 232 
231 220 
231 238 
232 250 
230 190 
232 271 
232 225 
233 235 
232 231 
232 238 
231 216 
233 225 
233 248 
232 247 
233 232 
233 228 
231 215 
