299 237 
360 237 
385 237 
394 237 
406 237 
299 237 
360 238 
385 239 
394 239 
406 239 
298 239 
360 240 
385 241 
394 241 
405 242 
299 239 
360 242 
385 244 
394 244 
405 245 
298 240 
360 244 
385 246 
394 247 
405 247 
298 241 
360 246 
385 249 
394 249 
405 250 
298 242 
360 248 
384 251 
394 252 
404 253 
298 242 
360 250 
384 253 
394 254 
404 255 
298 244 
360 252 
384 256 
394 257 
404 258 
298 244 
361 254 
384 258 
393 259 
404 261 
297 245 
361 256 
383 260 
393 262 
403 264 
297 245 
362 258 
383 262 
393 264 
403 266 
297 247 
362 260 
383 265 
392 267 
403 269 
297 247 
362 262 
382 267 
392 270 
402 272 
296 248 
363 265 
382 270 
392 272 
402 275 
296 249 
364 267 
382 272 
391 274 
402 277 
296 250 
365 270 
381 275 
390 277 
401 280 
295 251 
366 272 
381 277 
390 280 
400 283 
295 251 
368 275 
379 278 
390 282 
399 285 
295 252 
375 280 
398 287 
295 253 
380 284 
389 287 
399 291 
294 254 
379 287 
388 290 
398 294 
294 254 
379 289 
398 297 
294 256 
379 292 
395 298 
294 256 
378 293 
392 300 
293 257 
377 296 
387 300 
396 305 
293 258 
382 301 
395 307 
293 259 
377 301 
394 310 
292 259 
376 304 
394 314 
292 260 
393 316 
292 261 
392 319 
291 261 
391 321 
291 262 
390 324 
290 263 
390 327 
290 264 
392 333 
290 265 
289 265 
288 266 
288 267 
287 267 
287 268 
376 342 
286 268 
372 343 
286 269 
369 344 
285 270 
366 345 
284 270 
363 347 
284 271 
361 348 
283 271 
359 349 
282 271 
355 350 
281 272 
353 351 
280 272 
350 352 
280 273 
347 353 
280 274 
344 353 
279 274 
341 354 
278 274 
339 355 
277 275 
337 356 
276 275 
333 356 
276 275 
331 357 
275 276 
328 358 
274 276 
325 358 
273 277 
322 359 
273 277 
321 359 
272 277 
318 360 
271 278 
316 361 
271 278 
313 361 
270 279 
310 362 
269 279 
308 362 
268 279 
305 363 
268 280 
303 363 
267 280 
301 363 
267 280 
299 363 
266 281 
296 364 
265 281 
293 364 
264 281 
291 365 
264 282 
289 365 
263 282 
287 365 
262 282 
284 365 
261 282 
282 365 
260 282 
279 365 
259 282 
277 365 
258 283 
274 365 
258 283 
272 365 
257 283 
270 366 
256 283 
268 366 
255 283 
265 366 
255 283 
263 366 
253 283 
261 366 
253 283 
259 366 
252 283 
256 366 
254 367 
252 367 
250 367 
247 366 
245 366 
246 284 
246 283 
238 367 
244 283 
236 367 
244 282 
234 367 
243 282 
231 366 
243 282 
229 366 
241 282 
226 366 
241 282 
224 366 
240 281 
222 366 
240 281 
219 366 
239 281 
218 365 
237 281 
215 365 
237 280 
212 365 
236 280 
210 365 
235 280 
208 365 
234 280 
205 365 
234 279 
203 364 
233 279 
200 364 
232 279 
198 363 
232 278 
196 363 
231 278 
194 363 
230 278 
191 362 
229 278 
189 362 
228 277 
186 361 
228 277 
183 361 
227 277 
181 360 
227 276 
178 360 
226 276 
177 359 
225 276 
173 359 
224 276 
171 358 
223 275 
168 357 
223 275 
165 357 
222 274 
162 356 
221 274 
161 355 
221 273 
157 355 
220 273 
154 354 
220 272 
152 354 
219 271 
148 353 
219 271 
145 352 
218 270 
143 351 
217 270 
139 350 
217 270 
138 349 
217 269 
135 349 
217 268 
132 347 
216 267 
129 346 
216 267 
126 345 
215 266 
122 344 
214 266 
119 343 
214 265 
116 341 
214 264 
112 341 
213 264 
109 340 
212 263 
106 338 
212 263 
102 337 
211 262 
98 335 
211 261 
211 260 
210 260 
210 259 
209 258 
209 258 
209 257 
208 256 
208 255 
81 312 
208 255 
207 254 
80 306 
207 254 
79 303 
206 253 
79 299 
206 252 
99 288 
78 296 
205 251 
94 287 
77 293 
205 251 
99 283 
90 286 
77 290 
205 250 
99 280 
86 284 
76 287 
205 249 
99 277 
79 282 
205 248 
98 275 
76 280 
205 247 
98 272 
88 274 
75 277 
205 246 
107 267 
98 269 
83 272 
205 245 
88 268 
76 270 
205 245 
115 261 
99 264 
88 265 
74 268 
205 243 
118 257 
98 260 
88 262 
74 264 
205 243 
120 255 
98 258 
88 260 
74 261 
205 242 
121 252 
98 255 
88 256 
205 242 
122 250 
98 253 
88 254 
74 255 
205 240 
123 248 
98 250 
88 251 
74 252 
205 240 
124 245 
98 247 
88 248 
74 249 
205 239 
125 243 
98 245 
88 245 
74 246 
205 238 
126 241 
98 242 
88 242 
74 242 
205 237 
126 239 
98 239 
88 239 
73 240 
205 237 
127 237 
98 237 
88 237 
73 237 
205 236 
127 234 
98 234 
88 234 
73 233 
204 235 
127 232 
98 231 
88 231 
73 231 
204 234 
127 230 
98 228 
87 228 
73 227 
205 233 
127 228 
98 226 
88 225 
73 224 
205 233 
128 226 
99 223 
88 222 
74 221 
205 231 
128 223 
99 220 
88 219 
74 218 
205 231 
128 222 
99 218 
88 217 
74 215 
205 230 
128 219 
99 215 
89 214 
75 212 
205 230 
128 217 
99 213 
89 211 
75 209 
205 228 
128 215 
100 210 
89 208 
75 205 
205 228 
127 213 
101 207 
90 205 
76 203 
205 227 
127 210 
101 205 
90 203 
76 200 
205 226 
126 208 
102 202 
91 199 
77 196 
205 225 
126 206 
102 200 
91 197 
77 193 
205 224 
124 203 
103 197 
92 194 
78 190 
205 223 
123 200 
103 194 
92 191 
78 187 
206 222 
122 197 
103 191 
92 188 
79 184 
206 222 
119 194 
104 189 
93 185 
80 181 
206 221 
93 183 
82 179 
206 220 
107 184 
91 178 
207 219 
105 180 
95 176 
82 171 
207 219 
105 178 
83 169 
207 218 
106 175 
88 168 
207 217 
106 173 
94 167 
84 163 
207 216 
100 167 
84 159 
208 216 
105 166 
85 156 
208 214 
109 165 
86 153 
208 214 
209 213 
209 212 
89 143 
209 212 
210 211 
91 137 
211 211 
211 210 
211 209 
212 209 
213 208 
213 207 
213 206 
105 119 
214 206 
108 118 
215 206 
215 205 
216 204 
120 115 
217 204 
124 114 
217 203 
127 113 
217 204 
129 113 
217 203 
218 202 
136 112 
219 202 
139 111 
219 201 
144 111 
219 200 
146 110 
220 200 
150 110 
221 200 
153 109 
222 199 
156 109 
222 198 
159 108 
223 198 
162 108 
223 197 
165 107 
224 197 
168 107 
225 196 
172 107 
225 196 
174 107 
226 195 
176 106 
227 195 
179 106 
227 195 
182 105 
228 194 
185 105 
229 194 
188 105 
230 193 
191 105 
230 193 
193 105 
232 193 
196 105 
232 193 
198 105 
233 192 
201 105 
234 192 
204 104 
235 192 
206 104 
235 192 
208 104 
236 191 
211 105 
237 191 
214 104 
238 191 
216 104 
239 190 
219 104 
240 191 
221 104 
241 190 
224 104 
241 190 
226 104 
242 190 
229 104 
243 190 
231 104 
244 190 
233 104 
244 190 
235 104 
245 189 
238 104 
246 190 
240 104 
247 189 
242 104 
247 189 
245 104 
249 189 
247 104 
250 188 
250 105 
250 188 
252 105 
252 188 
254 105 
256 122 
257 106 
263 107 
265 107 
268 107 
270 107 
258 190 
273 107 
258 190 
275 107 
260 190 
277 108 
260 191 
279 109 
261 191 
282 109 
262 191 
284 109 
263 191 
287 109 
264 192 
289 110 
264 192 
291 111 
265 192 
293 111 
266 193 
295 112 
267 193 
298 112 
267 193 
300 113 
268 194 
302 113 
269 194 
304 114 
270 194 
307 115 
271 194 
309 115 
272 195 
311 116 
272 195 
314 116 
273 196 
317 117 
274 196 
319 118 
274 196 
321 118 
275 197 
323 119 
276 197 
326 119 
276 198 
329 120 
277 198 
331 121 
278 198 
334 122 
279 199 
336 123 
280 199 
339 123 
280 199 
341 124 
281 200 
343 125 
281 201 
347 126 
282 201 
349 127 
283 202 
352 128 
284 202 
355 129 
284 202 
356 130 
284 203 
358 131 
285 203 
361 133 
286 204 
363 134 
286 205 
366 135 
287 205 
369 137 
288 206 
372 137 
288 206 
374 139 
288 208 
378 140 
289 208 
379 142 
290 208 
383 143 
290 209 
386 144 
290 210 
389 146 
291 211 
392 148 
291 212 
395 150 
291 212 
396 151 
292 213 
397 154 
292 214 
398 157 
292 214 
399 161 
293 215 
400 164 
293 216 
400 167 
293 217 
401 169 
293 218 
402 172 
294 219 
402 175 
294 219 
402 177 
294 220 
384 187 
403 180 
295 221 
387 189 
403 184 
295 222 
392 190 
404 186 
295 222 
385 195 
395 192 
404 189 
296 223 
385 197 
399 193 
296 224 
385 200 
404 195 
296 225 
385 203 
395 200 
404 198 
297 226 
385 205 
396 202 
297 226 
379 209 
403 204 
297 228 
373 213 
394 208 
405 206 
297 228 
369 215 
386 212 
394 211 
405 209 
297 229 
367 218 
385 215 
395 214 
405 212 
366 220 
385 217 
395 216 
406 214 
298 231 
365 223 
385 220 
395 219 
406 218 
298 231 
364 224 
385 222 
395 221 
406 220 
298 232 
363 226 
385 224 
395 224 
406 223 
298 233 
362 229 
386 227 
395 226 
406 226 
298 234 
362 231 
386 229 
395 229 
406 228 
298 234 
362 233 
385 232 
395 232 
406 231 
298 236 
361 235 
385 234 
395 234 
405 234 
75 271 
76 271 
76 281 
77 271 
77 282 
78 188 
78 271 
78 282 
79 180 
79 272 
79 282 
80 179 
80 272 
80 283 
81 178 
81 272 
81 283 
82 179 
82 272 
82 283 
83 168 
83 178 
83 272 
83 283 
84 168 
84 179 
84 273 
84 284 
85 168 
85 178 
85 273 
85 284 
85 329 
86 153 
86 168 
86 179 
86 273 
86 284 
87 151 
87 168 
87 178 
87 284 
88 146 
88 168 
88 178 
88 216 
88 285 
89 168 
89 178 
89 272 
89 285 
89 331 
90 168 
90 178 
90 202 
90 272 
90 285 
90 332 
91 168 
91 178 
91 199 
91 286 
91 332 
92 167 
92 286 
92 333 
93 168 
93 286 
93 333 
94 167 
94 180 
94 287 
94 334 
95 167 
95 179 
95 287 
95 334 
96 122 
96 167 
96 179 
96 287 
96 334 
97 167 
97 178 
97 288 
97 335 
98 167 
98 288 
98 335 
99 166 
99 336 
100 120 
100 166 
100 265 
100 288 
100 336 
101 120 
101 166 
101 207 
101 265 
101 288 
101 336 
102 120 
102 166 
102 200 
102 265 
102 287 
102 337 
103 120 
103 166 
103 265 
103 288 
103 337 
104 119 
104 166 
104 186 
104 265 
104 337 
105 119 
105 185 
105 265 
105 338 
106 119 
106 265 
106 338 
107 118 
107 185 
107 265 
107 339 
108 118 
108 168 
108 185 
108 265 
108 339 
109 118 
109 167 
109 186 
109 264 
109 339 
110 117 
110 166 
110 187 
110 264 
110 340 
111 117 
111 166 
111 187 
111 263 
111 340 
112 117 
112 166 
112 188 
112 263 
112 340 
113 116 
113 189 
113 262 
113 341 
114 116 
114 189 
114 261 
114 341 
115 116 
115 190 
115 260 
115 341 
116 116 
116 190 
116 260 
116 342 
117 116 
117 191 
117 259 
117 342 
118 115 
118 192 
118 258 
118 343 
119 115 
119 193 
119 257 
119 343 
120 114 
120 194 
120 254 
120 343 
121 114 
121 197 
121 253 
121 344 
259 109 
283 109 
122 114 
122 198 
122 250 
122 344 
259 110 
288 110 
123 114 
123 199 
123 248 
123 344 
143 111 
259 111 
293 111 
124 114 
124 202 
124 245 
124 345 
136 112 
259 112 
298 112 
125 114 
125 204 
125 243 
125 345 
259 113 
301 113 
126 114 
126 208 
126 345 
124 114 
259 114 
306 114 
127 114 
127 346 
119 115 
259 115 
309 115 
128 113 
128 346 
259 116 
314 116 
129 113 
129 221 
129 346 
259 117 
317 117 
130 113 
130 235 
130 347 
259 118 
320 118 
131 113 
131 347 
103 119 
259 119 
325 119 
132 113 
132 347 
259 120 
328 120 
133 112 
133 348 
258 121 
331 121 
134 112 
134 348 
98 122 
258 122 
334 122 
135 112 
135 349 
97 123 
258 123 
337 123 
136 112 
136 349 
258 124 
340 124 
137 112 
137 349 
258 125 
343 125 
138 112 
138 350 
258 126 
346 126 
139 112 
139 350 
95 127 
258 127 
349 127 
140 111 
140 350 
258 128 
352 128 
141 111 
141 351 
94 129 
258 129 
354 129 
142 111 
142 351 
93 130 
258 130 
356 130 
143 111 
143 351 
93 131 
258 131 
359 131 
144 111 
144 352 
93 132 
257 132 
360 132 
145 110 
145 352 
93 133 
257 133 
363 133 
146 110 
146 352 
92 134 
257 134 
364 134 
147 110 
147 352 
92 135 
257 135 
367 135 
148 110 
148 353 
91 136 
257 136 
369 136 
149 110 
149 353 
91 137 
257 137 
371 137 
150 110 
150 353 
90 138 
257 138 
373 138 
151 110 
151 354 
90 139 
257 139 
375 139 
152 109 
152 354 
90 140 
257 140 
377 140 
153 109 
153 354 
90 141 
257 141 
379 141 
395 141 
154 109 
154 354 
89 142 
257 142 
381 142 
155 109 
155 354 
89 143 
257 143 
383 143 
156 109 
156 355 
89 144 
257 144 
385 144 
157 109 
157 355 
89 145 
257 145 
387 145 
158 109 
158 355 
88 146 
257 146 
389 146 
159 108 
159 355 
88 147 
257 147 
390 147 
160 108 
160 356 
87 148 
256 148 
393 148 
161 108 
161 356 
87 149 
257 149 
394 149 
162 108 
162 356 
87 150 
256 150 
395 150 
163 108 
163 356 
87 151 
256 151 
396 151 
164 108 
164 357 
86 152 
256 152 
396 152 
165 108 
165 357 
86 153 
256 153 
397 153 
166 107 
166 357 
86 154 
256 154 
397 154 
167 107 
167 357 
86 155 
256 155 
398 155 
168 107 
168 357 
85 156 
256 156 
398 156 
169 107 
169 358 
85 157 
256 157 
398 157 
170 107 
170 358 
85 158 
256 158 
399 158 
171 107 
171 358 
85 159 
256 159 
399 159 
172 107 
172 358 
84 160 
256 160 
399 160 
173 107 
173 358 
84 161 
256 161 
400 161 
174 107 
174 359 
84 162 
256 162 
399 162 
175 106 
175 359 
83 163 
108 163 
255 163 
400 163 
176 106 
176 359 
83 164 
108 164 
255 164 
400 164 
177 106 
177 359 
83 165 
107 165 
255 165 
400 165 
178 106 
178 359 
255 166 
400 166 
179 106 
179 360 
255 167 
400 167 
180 106 
180 360 
108 168 
255 168 
401 168 
181 106 
181 360 
85 169 
108 169 
255 169 
401 169 
182 105 
182 361 
84 170 
107 170 
255 170 
401 170 
183 106 
183 361 
83 171 
107 171 
255 171 
402 171 
184 105 
184 361 
82 172 
107 172 
255 172 
402 172 
185 105 
185 361 
82 173 
106 173 
255 173 
402 173 
186 105 
186 361 
81 174 
106 174 
255 174 
402 174 
187 105 
187 361 
81 175 
94 175 
106 175 
255 175 
402 175 
188 105 
188 361 
93 176 
106 176 
255 176 
402 176 
189 105 
189 362 
106 177 
255 177 
402 177 
190 105 
190 362 
105 178 
255 178 
403 178 
191 105 
191 362 
105 179 
255 179 
402 179 
192 105 
192 362 
82 180 
94 180 
105 180 
255 180 
403 180 
193 105 
193 362 
81 181 
94 181 
105 181 
255 181 
403 181 
194 105 
194 363 
79 182 
94 182 
105 182 
255 182 
403 182 
195 105 
195 363 
79 183 
93 183 
105 183 
255 183 
404 183 
196 105 
196 363 
79 184 
93 184 
106 184 
255 184 
403 184 
197 105 
197 363 
79 185 
93 185 
107 185 
255 185 
404 185 
198 105 
198 363 
79 186 
93 186 
109 186 
254 186 
384 186 
404 186 
199 105 
199 363 
79 187 
93 187 
255 187 
385 187 
404 187 
200 105 
200 363 
78 188 
93 188 
112 188 
256 188 
386 188 
404 188 
201 104 
201 364 
78 189 
92 189 
104 189 
113 189 
387 189 
404 189 
202 105 
202 364 
78 190 
92 190 
104 190 
115 190 
390 190 
404 190 
203 105 
203 364 
78 191 
92 191 
104 191 
117 191 
393 191 
404 191 
204 105 
204 364 
78 192 
92 192 
103 192 
118 192 
266 192 
384 192 
205 104 
205 364 
77 193 
92 193 
103 193 
119 193 
235 193 
384 193 
206 105 
206 365 
77 194 
91 194 
103 194 
120 194 
232 194 
254 194 
271 194 
385 194 
402 194 
207 104 
207 255 
207 365 
77 195 
91 195 
103 195 
120 195 
229 195 
254 195 
273 195 
384 195 
403 195 
208 105 
208 216 
208 257 
208 365 
77 196 
91 196 
103 196 
121 196 
226 196 
254 196 
274 196 
385 196 
404 196 
209 104 
209 215 
209 257 
209 365 
77 197 
91 197 
102 197 
122 197 
225 197 
254 197 
277 197 
384 197 
404 197 
210 105 
210 212 
210 260 
210 365 
76 198 
91 198 
102 198 
122 198 
222 198 
254 198 
278 198 
385 198 
405 198 
211 104 
211 211 
211 261 
211 365 
76 199 
91 199 
102 199 
123 199 
221 199 
254 199 
280 199 
385 199 
404 199 
212 105 
212 210 
212 263 
212 365 
76 200 
91 200 
102 200 
123 200 
220 200 
254 200 
280 200 
385 200 
395 200 
405 200 
213 104 
213 207 
213 264 
213 365 
76 201 
90 201 
102 201 
124 201 
219 201 
254 201 
282 201 
385 201 
395 201 
404 201 
214 105 
214 206 
214 266 
214 365 
76 202 
90 202 
102 202 
124 202 
218 202 
254 202 
284 202 
385 202 
396 202 
215 104 
215 205 
215 267 
215 365 
76 203 
90 203 
102 203 
125 203 
217 203 
254 203 
285 203 
385 203 
216 104 
216 204 
216 268 
216 365 
76 204 
90 204 
101 204 
125 204 
216 204 
254 204 
286 204 
385 204 
217 104 
217 203 
217 269 
217 365 
76 205 
90 205 
101 205 
126 205 
215 205 
254 205 
287 205 
385 205 
404 205 
218 104 
218 202 
218 270 
218 365 
76 206 
90 206 
101 206 
126 206 
214 206 
254 206 
288 206 
385 206 
395 206 
405 206 
219 104 
219 201 
219 271 
219 366 
75 207 
90 207 
101 207 
126 207 
213 207 
254 207 
289 207 
384 207 
394 207 
405 207 
220 104 
220 200 
220 272 
220 365 
75 208 
89 208 
100 208 
127 208 
212 208 
254 208 
289 208 
383 208 
395 208 
405 208 
221 104 
221 199 
221 273 
221 366 
75 209 
89 209 
100 209 
127 209 
212 209 
254 209 
289 209 
394 209 
405 209 
222 104 
222 198 
222 274 
222 366 
75 210 
89 210 
100 210 
127 210 
211 210 
254 210 
290 210 
394 210 
405 210 
223 104 
223 197 
223 275 
223 366 
75 211 
89 211 
100 211 
127 211 
210 211 
254 211 
291 211 
375 211 
394 211 
405 211 
224 104 
224 197 
224 276 
224 366 
75 212 
89 212 
99 212 
127 212 
210 212 
291 212 
374 212 
385 212 
395 212 
405 212 
225 104 
225 196 
225 276 
225 366 
75 213 
89 213 
99 213 
128 213 
209 213 
291 213 
372 213 
386 213 
394 213 
406 213 
226 104 
226 196 
226 276 
226 366 
75 214 
89 214 
99 214 
128 214 
208 214 
292 214 
371 214 
385 214 
395 214 
405 214 
227 104 
227 195 
227 277 
227 366 
75 215 
89 215 
99 215 
128 215 
208 215 
293 215 
370 215 
386 215 
395 215 
406 215 
228 104 
228 194 
228 278 
228 366 
74 216 
89 216 
99 216 
128 216 
208 216 
292 216 
369 216 
385 216 
395 216 
405 216 
229 104 
229 194 
229 277 
229 366 
74 217 
88 217 
99 217 
128 217 
207 217 
293 217 
368 217 
385 217 
395 217 
406 217 
230 104 
230 194 
230 278 
230 366 
74 218 
89 218 
99 218 
128 218 
207 218 
294 218 
367 218 
385 218 
395 218 
405 218 
231 104 
231 193 
231 279 
231 366 
74 219 
88 219 
99 219 
128 219 
207 219 
294 219 
367 219 
385 219 
395 219 
406 219 
232 104 
232 193 
232 279 
232 367 
74 220 
88 220 
99 220 
128 220 
206 220 
294 220 
366 220 
385 220 
395 220 
406 220 
233 104 
233 193 
233 279 
233 366 
74 221 
88 221 
99 221 
128 221 
206 221 
295 221 
366 221 
385 221 
395 221 
406 221 
234 104 
234 192 
234 280 
234 367 
74 222 
88 222 
99 222 
128 222 
206 222 
295 222 
365 222 
385 222 
395 222 
406 222 
235 104 
235 192 
235 279 
235 366 
74 223 
88 223 
99 223 
128 223 
205 223 
295 223 
364 223 
386 223 
395 223 
406 223 
236 104 
236 192 
236 280 
236 367 
74 224 
88 224 
99 224 
128 224 
206 224 
296 224 
364 224 
385 224 
395 224 
406 224 
237 104 
237 191 
237 281 
237 366 
73 225 
88 225 
99 225 
128 225 
205 225 
296 225 
364 225 
386 225 
395 225 
406 225 
238 104 
238 191 
238 280 
238 367 
73 226 
87 226 
99 226 
128 226 
205 226 
297 226 
363 226 
385 226 
395 226 
406 226 
239 104 
239 191 
239 281 
239 366 
73 227 
87 227 
98 227 
128 227 
205 227 
297 227 
363 227 
386 227 
395 227 
406 227 
240 104 
240 190 
240 282 
73 228 
87 228 
98 228 
127 228 
205 228 
297 228 
363 228 
385 228 
395 228 
406 228 
241 104 
241 191 
241 282 
73 229 
88 229 
98 229 
127 229 
205 229 
297 229 
362 229 
386 229 
395 229 
406 229 
242 104 
242 190 
242 282 
73 230 
88 230 
98 230 
127 230 
205 230 
297 230 
362 230 
385 230 
395 230 
406 230 
243 104 
243 190 
243 283 
73 231 
88 231 
98 231 
127 231 
205 231 
298 231 
362 231 
386 231 
395 231 
406 231 
244 105 
244 190 
244 282 
244 366 
73 232 
88 232 
98 232 
127 232 
205 232 
298 232 
362 232 
385 232 
395 232 
406 232 
245 104 
245 189 
245 283 
245 366 
73 233 
88 233 
98 233 
128 233 
205 233 
298 233 
362 233 
385 233 
395 233 
406 233 
246 105 
246 190 
246 367 
73 234 
88 234 
98 234 
127 234 
204 234 
298 234 
361 234 
385 234 
395 234 
405 234 
247 104 
247 189 
247 366 
73 235 
88 235 
98 235 
127 235 
205 235 
299 235 
361 235 
385 235 
394 235 
406 235 
248 105 
248 189 
248 367 
73 236 
88 236 
98 236 
127 236 
205 236 
298 236 
361 236 
385 236 
395 236 
405 236 
249 104 
249 189 
249 366 
73 237 
88 237 
98 237 
127 237 
205 237 
299 237 
360 237 
385 237 
394 237 
406 237 
250 105 
250 189 
250 367 
73 238 
88 238 
98 238 
127 238 
205 238 
299 238 
360 238 
385 238 
394 238 
405 238 
251 105 
251 189 
251 366 
73 239 
88 239 
98 239 
126 239 
205 239 
299 239 
360 239 
385 239 
394 239 
406 239 
252 105 
252 283 
252 367 
73 240 
88 240 
98 240 
126 240 
205 240 
298 240 
360 240 
385 240 
394 240 
405 240 
253 105 
253 283 
253 366 
73 241 
88 241 
98 241 
126 241 
205 241 
298 241 
360 241 
385 241 
394 241 
405 241 
254 105 
254 283 
254 367 
74 242 
88 242 
98 242 
125 242 
205 242 
298 242 
360 242 
385 242 
395 242 
405 242 
255 106 
255 283 
255 366 
74 243 
88 243 
98 243 
125 243 
205 243 
298 243 
360 243 
385 243 
394 243 
405 243 
256 106 
256 283 
256 367 
74 244 
87 244 
98 244 
125 244 
205 244 
298 244 
360 244 
385 244 
394 244 
405 244 
257 283 
257 366 
74 245 
88 245 
98 245 
124 245 
205 245 
297 245 
360 245 
385 245 
394 245 
405 245 
258 190 
258 282 
258 367 
74 246 
88 246 
98 246 
124 246 
205 246 
297 246 
360 246 
385 246 
394 246 
405 246 
259 191 
259 283 
259 366 
74 247 
88 247 
98 247 
123 247 
205 247 
297 247 
360 247 
384 247 
394 247 
405 247 
260 190 
260 282 
260 366 
74 248 
88 248 
98 248 
123 248 
205 248 
296 248 
360 248 
385 248 
394 248 
405 248 
261 107 
261 191 
261 283 
261 366 
74 249 
88 249 
98 249 
123 249 
205 249 
296 249 
360 249 
384 249 
394 249 
405 249 
262 107 
262 192 
262 282 
262 366 
74 250 
88 250 
98 250 
122 250 
205 250 
296 250 
360 250 
384 250 
394 250 
405 250 
263 106 
263 191 
263 282 
263 366 
74 251 
88 251 
98 251 
122 251 
205 251 
295 251 
360 251 
384 251 
394 251 
404 251 
264 107 
264 192 
264 282 
264 366 
74 252 
88 252 
98 252 
121 252 
206 252 
295 252 
360 252 
384 252 
394 252 
405 252 
265 107 
265 193 
265 281 
265 366 
74 253 
88 253 
98 253 
121 253 
207 253 
295 253 
360 253 
384 253 
394 253 
404 253 
266 107 
266 193 
266 280 
266 366 
74 254 
88 254 
98 254 
120 254 
207 254 
294 254 
361 254 
384 254 
394 254 
404 254 
267 107 
267 193 
267 280 
267 366 
74 255 
88 255 
98 255 
120 255 
207 255 
294 255 
361 255 
384 255 
394 255 
404 255 
268 107 
268 194 
268 280 
268 366 
74 256 
88 256 
98 256 
119 256 
208 256 
293 256 
361 256 
384 256 
393 256 
404 256 
269 107 
269 194 
269 279 
269 366 
88 257 
98 257 
118 257 
209 257 
293 257 
362 257 
384 257 
394 257 
404 257 
270 107 
270 194 
270 278 
270 365 
88 258 
98 258 
118 258 
209 258 
293 258 
361 258 
384 258 
393 258 
404 258 
271 107 
271 195 
271 278 
271 366 
88 259 
98 259 
117 259 
209 259 
292 259 
362 259 
384 259 
394 259 
404 259 
272 107 
272 196 
272 278 
272 365 
88 260 
98 260 
116 260 
210 260 
292 260 
362 260 
383 260 
393 260 
404 260 
273 108 
273 196 
273 277 
273 366 
74 261 
88 261 
98 261 
115 261 
211 261 
291 261 
362 261 
384 261 
393 261 
404 261 
274 107 
274 196 
274 276 
274 365 
74 262 
88 262 
98 262 
112 262 
212 262 
250 262 
291 262 
362 262 
383 262 
393 262 
404 262 
275 108 
275 197 
275 276 
275 365 
74 263 
88 263 
99 263 
111 263 
213 263 
250 263 
291 263 
362 263 
383 263 
393 263 
404 263 
276 108 
276 198 
276 276 
276 365 
74 264 
88 264 
214 264 
250 264 
290 264 
363 264 
383 264 
393 264 
403 264 
277 108 
277 198 
277 275 
277 365 
74 265 
88 265 
107 265 
214 265 
249 265 
289 265 
363 265 
383 265 
392 265 
404 265 
278 109 
278 198 
278 274 
278 365 
74 266 
88 266 
214 266 
249 266 
288 266 
364 266 
383 266 
392 266 
403 266 
279 108 
279 199 
279 273 
279 365 
74 267 
88 267 
215 267 
249 267 
287 267 
364 267 
382 267 
392 267 
403 267 
280 109 
280 200 
280 272 
280 365 
75 268 
88 268 
99 268 
216 268 
249 268 
286 268 
364 268 
382 268 
392 268 
403 268 
281 109 
281 201 
281 272 
281 365 
75 269 
88 269 
98 269 
217 269 
249 269 
285 269 
364 269 
382 269 
392 269 
403 269 
282 109 
282 201 
282 272 
282 365 
77 270 
88 270 
98 270 
218 270 
249 270 
284 270 
365 270 
382 270 
392 270 
403 270 
283 109 
283 201 
283 271 
283 365 
77 271 
98 271 
219 271 
249 271 
283 271 
365 271 
382 271 
392 271 
402 271 
284 109 
284 202 
284 270 
284 365 
98 272 
220 272 
249 272 
282 272 
366 272 
381 272 
391 272 
402 272 
285 109 
285 203 
285 269 
285 365 
86 273 
98 273 
221 273 
249 273 
281 273 
366 273 
382 273 
391 273 
402 273 
286 109 
286 204 
286 268 
286 365 
86 274 
98 274 
222 274 
249 274 
278 274 
367 274 
381 274 
391 274 
402 274 
287 110 
287 205 
287 267 
287 365 
75 275 
87 275 
98 275 
225 275 
249 275 
277 275 
368 275 
381 275 
391 275 
402 275 
288 110 
288 208 
288 266 
288 365 
75 276 
87 276 
99 276 
228 276 
249 276 
276 276 
370 276 
381 276 
391 276 
402 276 
289 110 
289 209 
289 265 
289 365 
75 277 
99 277 
229 277 
249 277 
275 277 
371 277 
380 277 
390 277 
402 277 
290 111 
290 212 
290 264 
290 365 
76 278 
99 278 
232 278 
249 278 
272 278 
391 278 
401 278 
291 111 
291 214 
291 261 
291 364 
76 279 
99 279 
235 279 
249 279 
271 279 
375 279 
390 279 
401 279 
292 111 
292 216 
292 260 
292 364 
77 280 
99 280 
268 280 
378 280 
390 280 
401 280 
293 111 
293 219 
293 257 
293 364 
77 281 
99 281 
379 281 
390 281 
401 281 
294 111 
294 222 
294 256 
294 364 
79 282 
99 282 
379 282 
389 282 
401 282 
295 112 
295 223 
295 251 
295 364 
83 283 
100 283 
380 283 
389 283 
400 283 
296 112 
296 250 
296 364 
86 284 
99 284 
380 284 
389 284 
400 284 
297 112 
297 364 
89 285 
100 285 
380 285 
399 285 
298 112 
298 363 
76 286 
92 286 
248 286 
379 286 
299 112 
299 241 
299 363 
76 287 
95 287 
248 287 
379 287 
300 113 
300 363 
77 288 
98 288 
248 288 
379 288 
301 113 
301 236 
301 363 
77 289 
99 289 
248 289 
378 289 
389 289 
399 289 
302 113 
302 363 
77 290 
99 290 
248 290 
379 290 
389 290 
399 290 
303 113 
303 363 
77 291 
100 291 
248 291 
378 291 
399 291 
304 113 
304 363 
77 292 
248 292 
378 292 
399 292 
305 114 
305 363 
78 293 
248 293 
378 293 
398 293 
306 114 
306 363 
78 294 
248 294 
378 294 
398 294 
307 114 
307 362 
78 295 
248 295 
377 295 
398 295 
308 115 
308 362 
78 296 
248 296 
377 296 
397 296 
309 115 
309 362 
78 297 
247 297 
377 297 
396 297 
310 115 
310 362 
78 298 
247 298 
377 298 
311 116 
311 361 
79 299 
247 299 
376 299 
312 116 
312 361 
79 300 
247 300 
313 116 
313 361 
79 301 
247 301 
383 301 
396 301 
314 117 
314 361 
79 302 
247 302 
378 302 
396 302 
315 117 
315 361 
79 303 
247 303 
377 303 
396 303 
316 117 
316 361 
80 304 
247 304 
376 304 
396 304 
317 117 
317 360 
80 305 
247 305 
396 305 
318 117 
318 360 
80 306 
247 306 
395 306 
319 118 
319 360 
80 307 
247 307 
395 307 
320 118 
320 359 
80 308 
247 308 
395 308 
321 118 
321 359 
80 309 
247 309 
395 309 
322 119 
322 359 
80 310 
246 310 
394 310 
323 119 
323 359 
81 311 
246 311 
394 311 
324 119 
324 359 
81 312 
246 312 
394 312 
325 119 
325 358 
81 313 
246 313 
394 313 
326 119 
326 358 
81 314 
246 314 
393 314 
327 120 
327 358 
82 315 
246 315 
393 315 
328 120 
328 358 
82 316 
246 316 
393 316 
329 120 
329 358 
82 317 
245 317 
392 317 
330 121 
330 357 
82 318 
245 318 
392 318 
331 121 
331 357 
83 319 
245 319 
392 319 
332 121 
82 320 
245 320 
392 320 
333 122 
83 321 
245 321 
391 321 
334 122 
334 356 
83 322 
245 322 
391 322 
335 122 
335 356 
83 323 
245 323 
390 323 
336 123 
336 356 
84 324 
245 324 
390 324 
337 123 
337 356 
84 325 
245 325 
390 325 
338 123 
338 355 
245 326 
390 326 
339 124 
339 355 
85 327 
245 327 
390 327 
340 124 
340 355 
245 328 
391 328 
341 124 
341 355 
244 329 
392 329 
342 125 
342 354 
244 330 
393 330 
343 125 
343 354 
244 331 
393 331 
344 125 
344 353 
244 332 
392 332 
345 126 
345 353 
244 333 
392 333 
346 126 
346 353 
96 334 
244 334 
391 334 
347 126 
347 353 
244 335 
348 127 
348 352 
101 336 
244 336 
349 127 
349 352 
103 337 
244 337 
350 127 
350 352 
105 338 
243 338 
351 128 
351 351 
108 339 
243 339 
352 128 
352 351 
110 340 
243 340 
353 129 
353 351 
113 341 
243 341 
375 341 
354 129 
354 350 
116 342 
243 342 
375 342 
355 130 
355 350 
119 343 
243 343 
373 343 
356 130 
356 349 
122 344 
243 344 
370 344 
357 130 
357 349 
125 345 
243 345 
368 345 
358 131 
358 248 
358 349 
127 346 
243 346 
364 346 
359 131 
359 348 
130 347 
243 347 
362 347 
360 132 
360 348 
133 348 
243 348 
359 348 
361 132 
361 347 
136 349 
243 349 
357 349 
362 133 
362 230 
362 262 
362 347 
138 350 
243 350 
354 350 
363 133 
363 227 
363 265 
363 347 
142 351 
242 351 
351 351 
364 133 
364 224 
364 268 
364 346 
146 352 
242 352 
348 352 
365 134 
365 222 
365 271 
365 346 
149 353 
242 353 
345 353 
366 135 
366 220 
366 272 
366 346 
154 354 
242 354 
342 354 
367 135 
367 219 
367 274 
367 345 
157 355 
242 355 
339 355 
368 135 
368 217 
368 275 
368 345 
162 356 
242 356 
334 356 
369 136 
369 216 
369 276 
369 345 
165 357 
242 357 
331 357 
370 137 
370 215 
370 277 
370 345 
170 358 
242 358 
326 358 
371 137 
371 214 
371 277 
371 344 
175 359 
242 359 
323 359 
372 137 
372 213 
372 278 
372 344 
180 360 
242 360 
318 360 
373 138 
373 212 
373 278 
373 343 
185 361 
242 361 
313 361 
374 139 
374 211 
374 279 
374 302 
374 343 
192 362 
242 362 
306 362 
375 139 
375 211 
375 279 
375 302 
375 343 
195 363 
242 363 
303 363 
376 139 
376 210 
376 279 
376 301 
376 342 
241 364 
377 140 
377 210 
377 233 
377 280 
377 342 
378 141 
378 210 
378 280 
378 292 
378 301 
378 342 
379 141 
379 210 
379 302 
380 142 
380 209 
380 280 
380 301 
381 142 
381 209 
381 275 
381 301 
242 369 
382 143 
382 209 
382 270 
382 301 
383 143 
383 189 
383 209 
383 263 
383 301 
384 144 
384 301 
385 144 
385 300 
386 145 
386 189 
386 300 
387 145 
387 189 
387 287 
387 300 
388 145 
388 189 
388 286 
388 300 
388 325 
389 146 
389 190 
389 287 
389 300 
389 325 
390 147 
390 190 
390 299 
390 326 
391 147 
391 190 
391 273 
391 287 
391 299 
392 148 
392 191 
392 268 
392 287 
392 299 
392 318 
393 148 
393 191 
393 259 
393 287 
393 299 
393 313 
394 149 
394 191 
394 287 
394 299 
394 310 
395 150 
395 192 
395 287 
396 150 
396 192 
396 203 
396 287 
397 155 
397 192 
397 202 
397 287 
397 298 
398 160 
398 193 
398 203 
399 163 
399 193 
399 203 
399 287 
400 168 
400 193 
400 203 
400 286 
401 173 
401 194 
401 204 
401 279 
402 194 
402 203 
402 274 
