346 238 
422 238 
346 239 
423 240 
345 241 
423 244 
346 242 
423 246 
346 244 
424 250 
346 245 
424 252 
346 248 
425 256 
345 249 
425 258 
346 251 
425 262 
345 253 
425 265 
345 254 
425 268 
345 256 
345 257 
431 276 
344 259 
430 279 
344 260 
427 281 
344 262 
426 285 
343 264 
427 288 
343 265 
429 291 
343 268 
427 295 
342 268 
425 297 
342 271 
425 301 
341 272 
426 304 
340 273 
425 307 
340 275 
425 312 
339 276 
424 314 
339 278 
338 280 
424 321 
338 281 
423 325 
337 283 
422 328 
336 284 
421 331 
335 286 
334 287 
333 289 
332 290 
332 292 
331 293 
330 295 
329 296 
328 297 
327 299 
326 300 
325 302 
324 303 
323 304 
321 305 
320 306 
319 308 
318 309 
317 310 
316 312 
314 312 
313 313 
376 391 
311 314 
310 316 
310 317 
307 318 
307 319 
305 320 
304 321 
302 322 
301 323 
299 324 
298 325 
296 325 
295 326 
337 413 
293 327 
292 328 
290 329 
328 416 
288 329 
287 330 
322 420 
285 330 
283 331 
315 421 
282 331 
312 422 
280 332 
308 423 
279 332 
277 333 
302 424 
275 334 
298 426 
274 334 
296 427 
272 334 
292 427 
270 334 
289 428 
269 335 
267 336 
265 336 
264 336 
262 336 
260 336 
268 430 
259 336 
256 336 
261 431 
255 336 
253 336 
255 431 
252 336 
252 431 
250 336 
248 336 
244 432 
247 336 
241 433 
244 336 
243 337 
241 336 
239 336 
238 336 
236 336 
234 336 
232 336 
231 335 
229 334 
228 334 
225 334 
224 334 
222 334 
220 333 
219 332 
217 332 
215 332 
214 331 
212 330 
211 329 
209 328 
207 328 
206 327 
205 326 
203 325 
202 324 
200 323 
198 322 
197 321 
196 320 
195 319 
193 318 
192 317 
190 316 
189 315 
188 314 
187 312 
185 311 
184 310 
183 309 
182 308 
181 306 
180 305 
106 374 
179 304 
106 370 
178 302 
105 366 
176 302 
176 299 
174 299 
99 358 
173 297 
172 296 
172 293 
95 348 
171 293 
93 345 
170 291 
92 342 
169 290 
90 339 
168 288 
89 336 
167 287 
89 332 
166 285 
87 329 
166 283 
86 326 
165 282 
85 323 
165 280 
84 319 
164 279 
83 317 
163 277 
83 313 
163 275 
82 310 
162 274 
81 306 
161 272 
80 304 
161 271 
79 301 
161 269 
78 297 
161 268 
77 295 
160 265 
76 291 
159 265 
76 288 
75 285 
75 282 
74 273 
157 254 
73 269 
157 253 
73 266 
157 251 
73 263 
157 249 
73 259 
157 248 
72 257 
157 245 
72 253 
156 244 
72 250 
155 242 
71 247 
156 241 
71 244 
156 239 
70 241 
156 238 
71 238 
156 236 
70 234 
156 234 
70 231 
157 233 
71 228 
157 231 
70 225 
157 230 
70 222 
156 227 
71 218 
157 226 
71 216 
157 224 
189 227 
158 222 
71 208 
158 221 
159 219 
159 218 
72 199 
159 216 
73 196 
160 215 
73 193 
160 213 
73 189 
161 211 
75 187 
161 210 
75 184 
162 208 
75 180 
162 207 
76 177 
164 205 
78 174 
164 204 
79 171 
165 202 
79 168 
166 201 
81 164 
166 199 
81 161 
167 198 
82 158 
168 196 
83 155 
168 195 
170 194 
85 148 
170 192 
86 145 
172 191 
87 142 
172 190 
174 188 
175 187 
91 133 
176 186 
177 185 
178 183 
178 182 
179 180 
181 180 
183 177 
184 175 
185 175 
186 173 
188 173 
188 173 
189 171 
189 170 
124 97 
191 169 
193 168 
129 92 
194 167 
132 91 
196 167 
196 165 
139 89 
198 165 
142 88 
199 163 
145 86 
200 162 
148 85 
202 162 
151 84 
203 161 
154 83 
205 160 
157 81 
206 159 
160 80 
207 158 
163 79 
159 72 
209 158 
166 78 
162 70 
210 157 
169 77 
212 157 
213 156 
170 63 
214 155 
216 155 
181 73 
217 154 
185 72 
219 154 
187 71 
220 153 
190 70 
222 153 
193 69 
223 152 
196 68 
225 152 
200 68 
226 151 
202 67 
228 151 
205 66 
230 150 
208 65 
231 150 
233 149 
215 64 
234 149 
217 64 
236 149 
237 148 
223 62 
239 149 
227 62 
240 148 
230 61 
229 53 
242 148 
244 148 
236 61 
245 147 
239 60 
238 52 
247 147 
242 60 
242 51 
248 148 
245 60 
250 148 
248 60 
252 148 
252 60 
253 147 
255 59 
255 147 
258 59 
258 50 
256 148 
261 60 
261 47 
258 148 
264 59 
265 47 
259 148 
267 60 
268 49 
261 148 
270 59 
263 148 
273 60 
264 148 
276 60 
266 149 
280 60 
267 149 
283 60 
269 149 
287 60 
270 149 
289 60 
272 150 
293 61 
295 50 
273 150 
295 62 
298 51 
275 150 
277 150 
278 151 
305 61 
280 151 
309 63 
312 54 
281 152 
315 55 
283 152 
284 153 
286 153 
324 59 
288 153 
292 155 
293 156 
295 156 
296 157 
298 158 
299 159 
301 160 
302 161 
303 162 
304 163 
306 164 
360 90 
307 164 
309 165 
310 166 
311 167 
312 169 
314 170 
315 170 
316 172 
317 172 
318 173 
319 175 
320 175 
380 122 
322 176 
381 125 
323 178 
383 128 
324 179 
385 129 
325 180 
386 132 
326 182 
387 135 
327 182 
389 137 
328 184 
390 141 
329 185 
391 143 
330 187 
393 146 
330 188 
394 148 
331 190 
395 151 
332 191 
397 153 
333 193 
398 156 
334 194 
399 159 
335 195 
401 161 
335 197 
402 164 
336 198 
403 167 
337 199 
404 170 
338 201 
405 172 
338 203 
406 175 
339 204 
407 178 
339 205 
408 180 
340 207 
409 183 
340 208 
409 186 
341 210 
411 189 
341 212 
412 191 
342 213 
412 194 
343 215 
413 197 
343 216 
414 200 
417 211 
418 214 
345 226 
419 217 
345 228 
419 220 
345 230 
419 223 
345 231 
420 226 
318 234 
346 233 
421 229 
286 236 
300 235 
346 234 
421 231 
346 236 
422 235 
250 41 
250 42 
250 43 
251 44 
251 45 
266 46 
233 47 
267 47 
293 47 
231 48 
267 48 
294 48 
221 49 
268 49 
218 50 
268 50 
214 51 
241 51 
269 51 
297 51 
298 52 
311 52 
229 53 
299 53 
313 53 
223 54 
299 54 
314 54 
217 55 
301 55 
316 55 
214 56 
302 56 
70 145 
209 57 
303 57 
322 57 
206 58 
304 58 
322 58 
201 59 
305 59 
324 59 
73 193 
198 60 
306 60 
326 60 
74 185 
74 276 
194 61 
307 61 
328 61 
75 182 
75 277 
172 62 
191 62 
329 62 
76 178 
76 277 
172 63 
187 63 
223 63 
307 63 
330 63 
77 175 
77 277 
77 294 
172 64 
185 64 
216 64 
309 64 
78 169 
78 276 
78 298 
172 65 
182 65 
79 168 
79 276 
79 301 
206 66 
80 163 
80 276 
80 306 
175 67 
201 67 
336 67 
81 161 
81 275 
81 309 
174 68 
196 68 
338 68 
82 155 
82 275 
82 313 
161 69 
171 69 
193 69 
339 69 
83 154 
83 275 
83 317 
161 70 
188 70 
340 70 
84 148 
84 275 
84 320 
161 71 
187 71 
341 71 
85 146 
85 275 
85 323 
160 72 
184 72 
342 72 
86 143 
86 274 
86 326 
159 73 
179 73 
344 73 
87 142 
87 274 
87 329 
159 74 
177 74 
345 74 
88 136 
88 274 
88 333 
173 75 
346 75 
89 135 
89 273 
89 336 
172 76 
347 76 
90 132 
90 274 
90 339 
141 77 
169 77 
91 130 
91 273 
91 340 
140 78 
166 78 
92 127 
92 273 
92 344 
137 79 
163 79 
93 126 
93 273 
93 346 
136 80 
161 80 
94 124 
94 272 
94 349 
134 81 
158 81 
95 273 
95 350 
133 82 
155 82 
96 272 
96 353 
132 83 
153 83 
97 272 
97 355 
131 84 
150 84 
98 272 
98 357 
131 85 
149 85 
356 85 
99 114 
99 271 
99 358 
131 86 
146 86 
100 113 
100 271 
130 87 
143 87 
358 87 
101 271 
101 362 
129 88 
142 88 
358 88 
102 270 
128 89 
139 89 
359 89 
103 271 
103 365 
138 90 
360 90 
104 107 
104 270 
104 367 
135 91 
360 91 
105 270 
134 92 
361 92 
106 270 
106 369 
362 93 
107 270 
107 372 
128 94 
108 270 
127 95 
109 269 
126 96 
110 269 
125 97 
111 269 
111 377 
124 98 
112 269 
112 379 
123 99 
113 269 
123 100 
114 268 
115 268 
116 268 
117 94 
117 268 
118 94 
118 268 
119 267 
105 106 
120 268 
121 267 
122 98 
122 267 
122 390 
123 97 
123 267 
124 96 
124 266 
125 95 
125 266 
126 94 
126 266 
127 93 
127 266 
128 95 
128 266 
129 268 
377 116 
130 86 
130 94 
130 262 
130 269 
131 85 
131 93 
131 262 
131 269 
132 83 
132 93 
132 262 
133 83 
133 92 
133 263 
380 120 
134 82 
134 92 
134 264 
380 121 
135 82 
135 91 
135 264 
381 122 
136 91 
136 264 
381 123 
137 80 
137 90 
137 264 
382 124 
138 90 
138 264 
382 125 
139 89 
139 263 
383 126 
140 88 
140 264 
384 127 
141 88 
141 263 
384 128 
142 88 
142 263 
385 129 
143 88 
143 263 
385 130 
144 87 
144 263 
386 131 
145 86 
145 263 
386 132 
146 86 
146 262 
387 133 
147 86 
147 262 
387 134 
148 85 
148 262 
90 135 
388 135 
149 85 
149 262 
89 136 
388 136 
150 85 
150 262 
389 137 
151 84 
151 261 
389 138 
152 84 
152 241 
152 261 
390 139 
153 83 
153 261 
391 140 
154 83 
391 141 
155 83 
87 142 
391 142 
156 82 
87 143 
392 143 
157 82 
86 144 
393 144 
158 72 
158 81 
86 145 
393 145 
159 72 
159 81 
85 146 
393 146 
160 71 
160 80 
85 147 
394 147 
161 71 
161 80 
161 215 
85 148 
394 148 
162 70 
162 79 
162 212 
395 149 
163 70 
163 80 
163 209 
395 150 
164 79 
164 208 
164 259 
164 280 
283 151 
396 151 
165 79 
165 205 
165 258 
228 152 
396 152 
166 78 
166 202 
166 258 
166 286 
227 153 
291 153 
397 153 
167 78 
167 201 
167 258 
167 289 
83 154 
222 154 
397 154 
168 77 
168 199 
168 258 
168 290 
82 155 
219 155 
398 155 
169 77 
169 195 
169 257 
169 291 
82 156 
216 156 
399 156 
170 76 
170 194 
170 258 
170 294 
82 157 
214 157 
399 157 
171 76 
171 193 
171 257 
171 295 
82 158 
212 158 
298 158 
399 158 
172 62 
172 76 
172 192 
172 257 
172 296 
82 159 
209 159 
299 159 
400 159 
173 62 
173 76 
173 191 
173 257 
173 298 
82 160 
206 160 
302 160 
400 160 
174 75 
174 188 
174 257 
174 298 
82 161 
205 161 
303 161 
401 161 
175 75 
175 187 
175 257 
175 301 
81 162 
202 162 
304 162 
401 162 
176 74 
176 186 
176 256 
176 302 
81 163 
201 163 
305 163 
402 163 
177 74 
177 185 
177 256 
177 304 
81 164 
200 164 
308 164 
402 164 
178 73 
178 256 
178 304 
80 165 
199 165 
309 165 
402 165 
179 74 
179 255 
179 306 
79 166 
198 166 
310 166 
403 166 
180 73 
180 182 
180 256 
180 306 
79 167 
195 167 
311 167 
403 167 
181 181 
181 255 
181 308 
79 168 
194 168 
311 168 
403 168 
182 72 
182 180 
182 255 
182 308 
79 169 
193 169 
313 169 
404 169 
183 72 
183 179 
183 255 
183 310 
79 170 
192 170 
315 170 
404 170 
184 72 
184 178 
184 254 
184 310 
78 171 
191 171 
315 171 
405 171 
185 72 
185 177 
185 254 
185 312 
78 172 
190 172 
317 172 
405 172 
186 71 
186 176 
186 254 
186 312 
78 173 
189 173 
317 173 
406 173 
187 70 
187 175 
187 254 
187 314 
78 174 
188 174 
319 174 
406 174 
188 71 
188 174 
188 254 
188 314 
78 175 
187 175 
319 175 
406 175 
189 70 
189 173 
189 253 
189 316 
77 176 
186 176 
320 176 
407 176 
190 70 
190 172 
190 253 
190 316 
77 177 
185 177 
323 177 
407 177 
191 70 
191 171 
191 253 
191 317 
77 178 
184 178 
323 178 
407 178 
192 69 
192 170 
192 252 
192 318 
76 179 
183 179 
323 179 
408 179 
193 69 
193 169 
193 252 
193 319 
75 180 
182 180 
324 180 
408 180 
194 69 
194 168 
194 252 
194 320 
75 181 
181 181 
325 181 
408 181 
195 68 
195 167 
195 252 
195 320 
75 182 
180 182 
326 182 
409 182 
196 68 
196 166 
196 252 
196 320 
75 183 
179 183 
327 183 
409 183 
197 68 
197 165 
197 251 
197 321 
75 184 
178 184 
328 184 
409 184 
198 68 
198 164 
198 251 
198 322 
75 185 
177 185 
329 185 
410 185 
199 68 
199 164 
199 251 
199 323 
75 186 
176 186 
330 186 
409 186 
200 68 
200 164 
200 251 
200 324 
75 187 
175 187 
330 187 
410 187 
201 67 
201 163 
201 251 
201 325 
74 188 
174 188 
330 188 
411 188 
202 67 
202 162 
202 250 
202 325 
74 189 
173 189 
331 189 
411 189 
203 67 
203 161 
203 250 
203 325 
73 190 
172 190 
332 190 
411 190 
204 66 
204 160 
204 250 
204 326 
73 191 
171 191 
332 191 
412 191 
205 66 
205 159 
205 250 
205 326 
74 192 
171 192 
332 192 
412 192 
206 66 
206 159 
206 250 
206 327 
73 193 
171 193 
333 193 
412 193 
207 66 
207 159 
207 249 
207 328 
73 194 
170 194 
334 194 
412 194 
208 65 
208 158 
208 249 
208 328 
208 433 
73 195 
169 195 
335 195 
412 195 
209 65 
209 157 
209 248 
209 329 
73 196 
168 196 
335 196 
413 196 
210 65 
210 157 
210 248 
210 330 
73 197 
167 197 
335 197 
413 197 
211 157 
211 248 
211 330 
211 432 
73 198 
167 198 
336 198 
413 198 
212 64 
212 156 
212 248 
212 330 
72 199 
167 199 
337 199 
414 199 
213 64 
213 156 
213 247 
213 331 
73 200 
166 200 
337 200 
414 200 
214 64 
214 156 
214 248 
214 332 
73 201 
166 201 
337 201 
414 201 
215 64 
215 155 
215 247 
215 332 
165 202 
338 202 
415 202 
216 64 
216 155 
216 247 
216 332 
165 203 
338 203 
414 203 
217 64 
217 154 
217 247 
217 332 
217 434 
164 204 
338 204 
413 204 
218 64 
218 154 
218 246 
218 332 
163 205 
339 205 
413 205 
219 64 
219 154 
219 246 
219 333 
71 206 
163 206 
339 206 
412 206 
220 63 
220 153 
220 246 
220 333 
220 434 
71 207 
163 207 
339 207 
221 62 
221 153 
221 246 
221 333 
71 208 
162 208 
340 208 
222 63 
222 152 
222 246 
222 334 
71 209 
162 209 
341 209 
223 62 
223 152 
223 245 
223 334 
71 210 
162 210 
341 210 
416 210 
224 62 
224 152 
224 245 
224 334 
71 211 
161 211 
341 211 
417 211 
225 62 
225 151 
225 245 
225 334 
71 212 
161 212 
342 212 
417 212 
226 62 
226 151 
226 244 
226 334 
71 213 
161 213 
342 213 
387 213 
417 213 
227 62 
227 151 
227 244 
227 334 
71 214 
160 214 
342 214 
363 214 
384 214 
418 214 
228 62 
228 151 
228 244 
228 334 
71 215 
159 215 
343 215 
379 215 
418 215 
229 62 
229 151 
229 244 
229 335 
71 216 
160 216 
419 216 
230 62 
230 150 
230 245 
230 335 
71 217 
159 217 
373 217 
419 217 
231 61 
231 149 
231 245 
231 335 
71 218 
159 218 
372 218 
418 218 
232 61 
232 150 
232 336 
70 219 
159 219 
419 219 
233 61 
233 149 
233 335 
71 220 
158 220 
419 220 
234 61 
234 149 
234 336 
71 221 
158 221 
419 221 
235 61 
235 149 
235 336 
71 222 
158 222 
419 222 
236 61 
236 148 
236 336 
70 223 
157 223 
419 223 
237 52 
237 61 
237 149 
237 336 
71 224 
158 224 
419 224 
238 52 
238 61 
238 148 
238 336 
70 225 
157 225 
420 225 
239 60 
239 149 
239 336 
239 433 
71 226 
157 226 
345 226 
420 226 
240 52 
240 61 
240 148 
240 336 
240 433 
71 227 
157 227 
189 227 
345 227 
420 227 
241 60 
241 148 
241 336 
241 433 
71 228 
156 228 
346 228 
421 228 
242 51 
242 60 
242 148 
242 336 
70 229 
157 229 
345 229 
421 229 
243 51 
243 60 
243 148 
243 337 
243 433 
71 230 
156 230 
346 230 
421 230 
244 50 
244 60 
244 148 
244 336 
244 432 
70 231 
157 231 
345 231 
421 231 
245 60 
245 148 
245 336 
245 432 
71 232 
156 232 
346 232 
421 232 
246 51 
246 60 
246 148 
246 336 
246 433 
71 233 
157 233 
346 233 
422 233 
247 60 
247 147 
247 337 
71 234 
157 234 
346 234 
422 234 
248 60 
248 148 
248 336 
70 235 
157 235 
291 235 
346 235 
422 235 
249 60 
249 147 
249 337 
249 432 
70 236 
156 236 
346 236 
422 236 
250 60 
250 148 
250 336 
250 431 
71 237 
156 237 
346 237 
422 237 
251 60 
251 148 
251 337 
251 431 
71 238 
156 238 
227 238 
346 238 
422 238 
252 60 
252 148 
252 336 
252 431 
71 239 
156 239 
346 239 
422 239 
253 44 
253 60 
253 147 
253 336 
253 431 
71 240 
156 240 
346 240 
423 240 
254 59 
254 148 
254 336 
254 431 
71 241 
156 241 
345 241 
423 241 
255 59 
255 147 
255 336 
255 431 
71 242 
156 242 
346 242 
423 242 
256 59 
256 148 
256 336 
256 431 
156 243 
346 243 
423 243 
257 59 
257 148 
257 336 
257 430 
71 244 
156 244 
346 244 
423 244 
258 60 
258 148 
258 336 
258 430 
71 245 
157 245 
346 245 
423 245 
259 60 
259 148 
259 336 
71 246 
157 246 
346 246 
423 246 
260 60 
260 148 
260 336 
260 431 
71 247 
157 247 
346 247 
424 247 
261 47 
261 60 
261 149 
261 336 
261 431 
71 248 
157 248 
346 248 
424 248 
262 48 
262 60 
262 148 
262 336 
72 249 
157 249 
345 249 
424 249 
263 47 
263 60 
263 148 
263 336 
263 430 
72 250 
157 250 
346 250 
424 250 
264 48 
264 59 
264 148 
264 336 
264 430 
72 251 
157 251 
345 251 
424 251 
265 47 
265 60 
265 149 
265 335 
265 430 
72 252 
157 252 
345 252 
424 252 
266 48 
266 59 
266 148 
266 336 
72 253 
157 253 
345 253 
424 253 
267 48 
267 60 
267 149 
267 335 
267 430 
72 254 
345 254 
424 254 
268 49 
268 60 
268 149 
268 336 
268 430 
72 255 
345 255 
424 255 
269 49 
269 60 
269 149 
269 335 
269 430 
72 256 
345 256 
425 256 
270 49 
270 59 
270 150 
270 334 
270 429 
72 257 
345 257 
424 257 
271 60 
271 150 
271 334 
271 430 
73 258 
344 258 
425 258 
272 60 
272 150 
272 334 
73 259 
345 259 
425 259 
273 60 
273 150 
273 334 
73 260 
344 260 
425 260 
274 60 
274 150 
274 334 
274 430 
73 261 
344 261 
425 261 
275 60 
275 150 
275 232 
275 333 
275 430 
73 262 
344 262 
425 262 
276 60 
276 150 
276 233 
276 333 
276 430 
73 263 
126 263 
343 263 
425 263 
277 60 
277 151 
277 235 
277 333 
277 430 
73 264 
125 264 
343 264 
425 264 
278 59 
278 151 
278 235 
278 332 
278 429 
73 265 
143 265 
160 265 
343 265 
425 265 
279 60 
279 151 
279 235 
279 332 
279 429 
73 266 
138 266 
160 266 
343 266 
425 266 
280 60 
280 152 
280 235 
280 332 
73 267 
161 267 
343 267 
425 267 
281 60 
281 151 
281 235 
281 332 
73 268 
161 268 
342 268 
425 268 
282 60 
282 152 
282 234 
282 332 
73 269 
121 269 
161 269 
342 269 
425 269 
283 60 
283 152 
283 234 
283 331 
73 270 
161 270 
342 270 
425 270 
284 61 
284 152 
284 234 
284 330 
74 271 
109 271 
161 271 
341 271 
426 271 
285 60 
285 153 
285 234 
285 330 
285 429 
74 272 
162 272 
341 272 
427 272 
286 60 
286 153 
286 234 
286 330 
286 428 
162 273 
341 273 
287 60 
287 154 
287 233 
287 330 
287 428 
162 274 
340 274 
428 274 
288 60 
288 154 
288 234 
288 330 
288 428 
89 275 
163 275 
340 275 
430 275 
289 60 
289 154 
289 233 
289 329 
289 428 
84 276 
163 276 
340 276 
290 61 
290 154 
290 233 
290 328 
290 428 
83 277 
163 277 
339 277 
431 277 
291 61 
291 233 
291 328 
291 428 
78 278 
164 278 
339 278 
430 278 
292 61 
292 233 
292 328 
292 427 
76 279 
164 279 
339 279 
430 279 
293 61 
293 233 
293 327 
293 427 
75 280 
165 280 
338 280 
430 280 
294 49 
294 62 
294 156 
294 232 
294 326 
294 427 
75 281 
165 281 
337 281 
295 50 
295 62 
295 157 
295 232 
295 325 
295 427 
75 282 
166 282 
337 282 
296 50 
296 62 
296 157 
296 232 
296 326 
75 283 
166 283 
337 283 
426 283 
297 50 
297 61 
297 157 
297 232 
297 325 
297 426 
75 284 
166 284 
336 284 
298 52 
298 61 
298 158 
298 232 
298 324 
298 426 
75 285 
167 285 
335 285 
426 285 
299 61 
299 159 
299 231 
299 324 
299 426 
76 286 
168 286 
335 286 
427 286 
300 54 
300 160 
300 231 
300 324 
300 425 
76 287 
168 287 
335 287 
427 287 
301 161 
301 231 
301 323 
301 425 
76 288 
168 288 
334 288 
427 288 
302 161 
302 231 
302 322 
302 425 
76 289 
169 289 
333 289 
427 289 
303 161 
303 231 
303 321 
303 424 
76 290 
170 290 
332 290 
427 290 
304 60 
304 162 
304 230 
304 321 
304 424 
76 291 
170 291 
332 291 
428 291 
305 61 
305 163 
305 230 
305 321 
305 424 
77 292 
170 292 
332 292 
428 292 
306 61 
306 164 
306 230 
306 320 
306 424 
77 293 
171 293 
331 293 
430 293 
307 62 
307 165 
307 229 
307 319 
307 424 
77 294 
172 294 
330 294 
431 294 
308 62 
308 165 
308 229 
308 318 
308 424 
77 295 
173 295 
329 295 
431 295 
309 63 
309 166 
309 229 
309 317 
77 296 
173 296 
329 296 
427 296 
310 63 
310 166 
310 229 
310 316 
310 423 
78 297 
174 297 
329 297 
426 297 
311 167 
311 229 
311 316 
311 422 
78 298 
174 298 
328 298 
426 298 
312 54 
312 168 
312 228 
312 316 
312 423 
78 299 
175 299 
327 299 
426 299 
313 54 
313 169 
313 228 
313 315 
313 422 
79 300 
176 300 
327 300 
425 300 
314 54 
314 171 
314 228 
314 314 
79 301 
177 301 
325 301 
425 301 
315 55 
315 171 
315 228 
315 313 
315 421 
79 302 
178 302 
325 302 
425 302 
316 55 
316 172 
316 228 
316 312 
80 303 
179 303 
325 303 
426 303 
317 173 
317 228 
317 312 
317 420 
79 304 
180 304 
324 304 
426 304 
318 174 
318 228 
318 312 
81 305 
180 305 
323 305 
425 305 
319 174 
319 227 
319 311 
319 420 
81 306 
181 306 
322 306 
425 306 
320 176 
320 227 
320 310 
320 420 
81 307 
182 307 
321 307 
425 307 
321 177 
321 227 
321 309 
81 308 
182 308 
320 308 
425 308 
322 178 
322 226 
322 308 
322 419 
82 309 
184 309 
320 309 
425 309 
323 59 
323 179 
323 226 
323 305 
82 310 
184 310 
320 310 
425 310 
324 59 
324 180 
324 226 
324 304 
324 418 
82 311 
186 311 
319 311 
425 311 
325 181 
325 226 
325 303 
325 418 
83 312 
186 312 
318 312 
425 312 
326 182 
326 226 
326 302 
83 313 
189 313 
317 313 
425 313 
327 183 
327 225 
327 301 
327 418 
190 314 
316 314 
328 62 
328 186 
328 225 
328 298 
328 416 
83 315 
191 315 
313 315 
425 315 
329 62 
329 187 
329 225 
329 298 
329 416 
83 316 
192 316 
312 316 
424 316 
330 63 
330 190 
330 224 
330 296 
330 416 
83 317 
193 317 
311 317 
331 191 
331 224 
331 295 
83 318 
194 318 
310 318 
423 318 
332 192 
332 224 
332 292 
332 415 
84 319 
197 319 
307 319 
424 319 
333 193 
333 224 
333 291 
84 320 
198 320 
306 320 
425 320 
334 196 
334 224 
334 290 
84 321 
199 321 
305 321 
424 321 
335 199 
335 223 
335 287 
335 414 
85 322 
200 322 
304 322 
423 322 
336 200 
336 224 
336 286 
336 413 
85 323 
203 323 
303 323 
423 323 
337 203 
337 223 
337 285 
85 324 
204 324 
300 324 
423 324 
338 204 
338 223 
338 282 
338 412 
86 325 
299 325 
423 325 
339 223 
339 281 
339 412 
86 326 
212 326 
298 326 
340 278 
340 412 
86 327 
295 327 
422 327 
341 275 
87 328 
292 328 
422 328 
342 272 
342 411 
87 329 
289 329 
422 329 
343 410 
87 330 
289 330 
421 330 
344 74 
344 410 
344 418 
88 331 
285 331 
345 75 
345 409 
88 332 
346 75 
88 333 
347 76 
347 408 
89 334 
348 77 
348 407 
89 335 
349 220 
89 336 
350 79 
350 220 
90 337 
351 220 
90 338 
352 220 
90 339 
353 82 
353 219 
91 340 
354 83 
354 219 
354 404 
91 341 
355 84 
355 219 
91 342 
356 85 
356 218 
92 343 
357 87 
357 218 
357 402 
93 344 
358 218 
93 345 
359 89 
359 218 
93 346 
360 90 
360 218 
360 400 
93 347 
361 92 
361 217 
95 348 
362 93 
362 217 
362 399 
95 349 
363 94 
363 217 
363 398 
95 350 
364 217 
364 398 
96 351 
365 97 
365 217 
96 352 
366 98 
366 217 
366 397 
96 353 
367 100 
367 218 
97 354 
368 101 
368 212 
368 219 
368 395 
97 355 
369 103 
369 394 
97 356 
370 104 
370 214 
370 393 
98 357 
371 215 
371 392 
99 358 
372 107 
372 215 
99 359 
373 109 
373 215 
373 392 
100 360 
374 110 
374 214 
101 361 
375 112 
375 214 
101 362 
376 113 
376 214 
376 390 
102 363 
377 115 
377 214 
377 389 
103 364 
378 116 
378 214 
378 389 
103 365 
379 118 
379 213 
379 388 
104 366 
380 120 
380 213 
380 387 
104 367 
381 122 
381 213 
105 368 
382 123 
382 213 
106 369 
383 126 
383 213 
107 370 
384 212 
107 371 
385 129 
385 212 
107 372 
386 131 
386 212 
108 373 
387 133 
387 211 
109 374 
388 135 
388 212 
109 375 
389 137 
389 211 
110 376 
390 139 
390 211 
111 377 
391 141 
391 211 
112 378 
392 143 
392 210 
113 379 
393 145 
393 211 
114 380 
394 147 
394 210 
114 381 
395 149 
395 210 
396 151 
396 210 
116 383 
397 154 
397 209 
117 384 
382 384 
398 155 
398 210 
381 385 
399 157 
399 209 
380 386 
400 146 
400 159 
400 209 
119 387 
379 387 
401 162 
401 209 
378 388 
402 164 
402 209 
122 389 
377 389 
403 168 
403 209 
377 390 
404 169 
404 208 
124 391 
374 391 
405 173 
405 208 
125 392 
373 392 
406 175 
406 208 
125 393 
407 179 
407 207 
127 394 
370 394 
408 180 
408 207 
128 395 
409 183 
409 207 
129 396 
366 396 
410 186 
410 207 
410 359 
411 190 
411 207 
411 357 
412 194 
412 207 
412 356 
132 399 
363 399 
413 207 
361 400 
414 206 
358 401 
415 207 
415 350 
136 402 
357 402 
416 208 
416 348 
137 403 
417 211 
417 346 
139 404 
354 404 
418 215 
140 405 
353 405 
419 221 
141 406 
350 406 
420 226 
420 337 
349 407 
421 332 
348 408 
422 238 
422 330 
423 207 
343 410 
424 276 
424 320 
341 411 
425 276 
425 311 
339 412 
426 276 
426 292 
337 413 
427 277 
427 293 
335 414 
347 414 
428 276 
428 293 
332 415 
346 415 
429 276 
429 293 
329 416 
430 278 
430 293 
431 277 
431 293 
324 418 
341 418 
432 278 
432 293 
322 419 
339 419 
319 420 
317 421 
313 422 
331 422 
310 423 
306 424 
328 424 
303 425 
298 426 
293 427 
319 427 
288 428 
190 429 
313 429 
306 431 
281 435 
234 439 
235 440 
250 440 
236 441 
250 441 
250 442 
